P1_tot coordinates (x, y, z)
-8.823857 9.095969 -28.077949
-12.011857 7.451970 -27.233949
-14.769857 8.705970 -29.686950
-18.136857 9.556970 -28.421951
-20.183857 6.240970 -28.218950
-17.214858 4.208970 -29.171951
-18.605856 1.242970 -27.233949
-22.026856 1.223970 -28.780950
-21.526856 -2.140030 -30.390950
-24.448857 -3.712030 -32.186950
-22.355856 -6.263031 -33.843952
-19.214858 -8.068030 -32.999950
-17.058857 -10.060030 -35.468952
-14.511857 -12.771030 -35.280948
-11.519857 -10.810030 -36.468952
-8.605856 -11.841030 -38.624950
-5.241857 -10.107031 -39.062949
-5.476857 -7.029030 -41.280948
-1.725857 -6.564031 -41.936950
1.091143 -8.990030 -42.468952
4.727143 -7.919030 -42.249950
7.004143 -10.357031 -43.968952
10.559144 -10.951031 -42.749950
13.473143 -13.263030 -43.624950
12.637144 -15.904031 -41.093952
9.004143 -15.349031 -40.280948
6.230143 -12.818030 -40.280948
4.355143 -10.435030 -37.968952
0.563143 -10.240030 -38.218952
-1.233857 -7.181030 -36.843952
-5.011857 -6.779030 -36.218952
-6.788857 -3.488030 -36.936950
-6.909857 -1.750030 -33.624950
-9.565856 0.601970 -35.186950
-11.972857 -2.226030 -35.436950
-14.917857 -1.172030 -33.280948
-14.659856 -3.988030 -30.733949
-10.847857 -3.531030 -30.312949
-11.159856 0.231970 -30.327949
-13.745857 -0.059030 -27.546951
-11.487856 -2.365031 -25.562949
-8.519857 0.032970 -26.155950
-6.120857 -2.798030 -27.030950
-4.028857 -3.873030 -30.015950
-3.339857 -7.470030 -30.921951
-0.231857 -8.904031 -32.686950
0.919143 -12.427031 -33.624950
4.594143 -13.294030 -34.218952
5.352143 -16.333031 -36.312949
9.098143 -17.130030 -36.124950
10.543144 -19.927031 -38.280948
13.168144 -22.380030 -37.062949
16.473144 -20.459030 -36.374950
14.574143 -17.255030 -36.593952
15.520143 -14.326031 -34.280948
13.059144 -11.623031 -33.562949
15.301143 -8.669030 -32.936950
15.332143 -6.615030 -29.671951
12.473143 -4.220030 -29.530950
10.301143 -2.462030 -26.921951
6.844143 -0.736030 -26.749950
5.621143 2.337970 -24.858949
2.736143 0.216970 -23.671951
2.379143 -2.732030 -21.280950
2.221143 -6.025031 -23.015950
1.024143 -9.537030 -22.140950
1.594143 -10.939030 -23.335950
2.164143 -12.341030 -24.530950
1.170143 -15.990030 -24.874950
3.221143 -18.709030 -26.562949
0.566143 -20.459030 -28.671951
2.879143 -22.912031 -30.405950
6.457143 -24.052031 -30.327949
9.504143 -23.490030 -28.077949
12.387144 -21.021030 -28.015950
14.535143 -18.490030 -26.077949
13.644144 -15.123031 -24.843950
15.676143 -12.310030 -23.296951
14.660143 -9.138030 -21.515950
17.035142 -6.459031 -20.483949
16.191143 -4.720030 -17.280950
18.207143 -2.214031 -15.226950
20.176143 -4.986031 -13.444949
23.644144 -6.552031 -13.577950
24.269477 -8.411364 -15.223950
24.582143 -9.341030 -16.046951
24.509143 -10.421697 -15.369950
24.363143 -12.583031 -14.015950
24.816143 -15.076031 -16.905950
28.613143 -15.341030 -17.358949
30.832143 -17.724030 -19.421951
33.144144 -20.099030 -17.312949
36.363142 -18.662031 -18.562949
38.863142 -18.365030 -15.538949
40.051145 -14.849031 -15.952949
43.676145 -15.138030 -14.647950
44.644144 -11.482031 -14.202950
47.988142 -11.482031 -16.077949
50.363142 -9.294030 -13.827950
50.051145 -6.150031 -15.968950
47.363142 -3.980031 -14.686950
45.144144 -4.373031 -17.780950
45.394144 -0.656030 -17.655950
49.144144 -1.177030 -19.046951
51.738142 1.709970 -19.468950
52.207143 2.335970 -23.374950
56.051145 2.015970 -23.655950
56.754144 3.206470 -25.116949
57.457143 4.396970 -26.577949
59.582143 1.822970 -28.421951
61.457143 3.701970 -31.405950
61.520143 1.491970 -34.468952
65.020147 2.033970 -35.999950
65.770147 1.713970 -39.999950
67.520147 -1.481030 -40.343952
68.582143 -2.943030 -43.718952
69.582143 -5.880031 -45.468952
69.894140 -8.982031 -47.405948
70.582143 -12.333031 -46.655948
70.582143 -15.865030 -47.686950
70.270147 -19.380030 -48.062949
69.707143 -22.865030 -47.468952
67.707143 -26.037031 -48.155948
67.644140 -28.599030 -45.686950
65.520147 -31.677031 -45.624950
63.957143 -34.333031 -43.874950
62.426145 -36.333031 -41.218952
58.957143 -37.615032 -39.936950
59.020143 -37.740032 -36.249950
55.676145 -38.740032 -34.593952
55.488142 -35.927029 -32.030948
53.020143 -36.552029 -29.093950
50.520143 -33.646030 -29.515950
50.301145 -32.459030 -25.827949
46.644144 -31.333031 -25.296951
47.426145 -27.646030 -24.405950
44.551145 -26.818031 -22.030950
43.988142 -23.474030 -23.905950
42.957143 -21.130030 -20.999950
39.738142 -19.912031 -22.858949
39.520143 -15.974031 -22.296951
36.457143 -14.052031 -21.296951
33.801145 -14.568030 -23.890950
30.410142 -13.021030 -22.796951
28.223144 -11.888030 -19.890950
24.551143 -10.927031 -20.327949
21.285142 -10.740030 -18.374950
18.941143 -13.701031 -17.796951
17.816143 -15.709030 -20.936950
14.660143 -17.818031 -20.515950
13.441143 -20.912031 -22.249950
9.934144 -20.443031 -23.483949
7.414143 -23.052031 -24.624950
3.801143 -23.505030 -25.515950
1.554143 -22.130030 -22.765950
4.047143 -19.599030 -21.358949
2.451143 -16.240030 -20.655950
5.016143 -13.396030 -20.608949
4.410143 -10.037030 -18.905950
6.543143 -7.099031 -20.155950
6.852143 -3.505030 -18.827949
6.832143 -0.443030 -21.062949
10.215144 0.387970 -22.515950
11.840144 -3.017030 -21.718950
13.832143 -4.369030 -24.624950
12.902143 -7.951030 -25.483949
14.035143 -10.529031 -28.171951
12.863143 -14.076031 -29.186950
14.824143 -16.943031 -30.843950
13.262144 -20.099030 -32.186950
15.660143 -22.865030 -31.390950
13.090144 -25.552031 -32.093952
11.973143 -27.365030 -35.186950
8.465144 -25.974030 -35.249950
7.461143 -22.412031 -35.749950
7.391143 -20.396030 -32.624950
4.012143 -18.568031 -32.530948
3.627143 -15.833031 -29.952949
0.483143 -13.716030 -29.593950
0.501143 -10.388030 -27.686950
-2.038857 -7.888031 -26.405950
-0.868857 -4.271030 -26.171951
-2.796857 -2.212030 -23.702949
-3.122857 1.081970 -25.515950
-5.577857 2.607970 -23.093950
-3.356857 1.992970 -20.077949
-2.074857 4.916970 -17.952949
1.413143 3.562970 -18.562949
1.130143 4.486969 -22.202949
1.617143 8.236970 -22.093950
1.434143 8.462970 -25.905950
-1.626857 8.111970 -28.108949
-3.597857 4.912970 -28.671951
-1.405857 3.591969 -31.499950
0.798143 0.631970 -31.186950
4.434144 1.803970 -31.780948
7.176143 -0.711030 -31.718952
10.723143 0.722970 -31.186950
13.324143 -1.467030 -32.874950
16.910142 -1.545030 -31.593950
18.020143 -3.505030 -34.686950
16.754144 -4.341031 -38.155948
14.488143 -2.525030 -40.562949
10.871143 -2.849031 -41.468952
10.699143 -2.066031 -45.124950
6.914143 -2.238030 -45.124950
6.754143 0.326970 -42.436950
4.121143 0.840970 -39.749950
1.206143 0.283970 -42.124950
-1.473857 0.457970 -39.374950
-0.607857 4.021970 -38.530948
-2.125857 6.720970 -40.686950
0.589143 8.619969 -42.593952
3.262143 6.052969 -42.186950
1.912143 3.499969 -44.562949
4.578143 4.048970 -47.124950
7.535143 4.830970 -44.968952
10.051143 2.302969 -44.030948
10.668144 1.920970 -40.343952
14.324143 1.822970 -39.155948
16.020143 0.976970 -35.905948
16.535142 3.693969 -33.312949
20.332143 3.941970 -33.874950
19.676143 4.974969 -37.436950
18.223144 8.259970 -36.155948
21.582143 9.314970 -34.749950
24.598144 10.533970 -36.655948
27.238143 7.810969 -37.030948
29.770143 10.134970 -35.280948
27.613143 10.345969 -32.312949
27.285142 6.611969 -32.124950
31.035142 6.162970 -32.624950
31.707143 8.408970 -29.655950
28.973144 6.916970 -27.530950
30.098144 3.285969 -28.093950
33.894144 4.201970 -28.452949
34.051145 2.341969 -31.812949
35.051145 3.351969 -35.343952
32.644144 5.302969 -37.562949
32.394144 2.392970 -39.968952
31.129144 0.088970 -37.312949
28.801143 2.839970 -36.124950
27.394144 2.972970 -39.655948
26.770143 -0.744030 -39.562949
24.770143 -0.387030 -36.343952
22.332143 1.754970 -38.312949
21.363143 -1.265030 -40.530948
20.754144 1.048970 -43.499950
21.207143 -1.703030 -46.124950
19.598144 -4.482030 -44.155948
16.363143 -5.619030 -45.780948
15.926143 -8.896030 -43.905948
13.191143 -7.423030 -41.718952
12.801143 -7.626030 -37.999950
12.824143 -11.459030 -37.812949
16.160142 -12.693030 -39.249950
17.691143 -16.068031 -39.780948
20.660142 -16.849030 -37.593952
23.520143 -18.146030 -39.593952
25.457143 -20.787031 -37.655948
25.285142 -21.724030 -34.062949
23.410142 -19.568031 -31.718952
25.582143 -20.037031 -28.530950
23.988143 -17.880030 -25.874950
24.785142 -18.615030 -22.249950
21.723144 -20.380030 -20.921951
21.004144 -23.099030 -18.390950
20.113143 -26.568031 -19.655950
16.473144 -27.724030 -19.827949
15.684144 -30.459030 -17.046951
15.848144 -33.365032 -19.593950
19.066143 -32.146030 -21.140950
21.754144 -32.209030 -18.530950
23.785142 -29.521030 -20.015950
26.582143 -28.037031 -17.671951
26.394144 -24.380030 -17.983949
27.316143 -21.709030 -14.976950
24.707143 -19.037031 -13.530950
25.941143 -15.537030 -11.866949
24.691143 -13.435030 -8.444949
23.035142 -10.302031 -6.347950
21.839643 -9.034530 -7.302950
20.644144 -7.767030 -8.257950
18.176143 -10.263030 -6.987950
14.762144 -9.341030 -5.710950
13.394144 -6.998031 -8.233950
16.020143 -8.201031 -10.702950
14.996143 -11.833031 -10.288949
11.324143 -11.083031 -10.554950
9.293144 -13.662030 -12.366949
7.715143 -12.451031 -15.593950
6.629143 -15.779031 -17.124950
3.953143 -18.349030 -16.093950
2.746143 -21.380030 -17.936950
-1.032857 -21.693031 -18.374950
-1.140857 -24.833031 -20.515950
-0.274857 -27.255030 -17.765950
-3.569857 -28.818031 -16.718950
-2.006857 -29.802031 -13.358950
-2.257857 -26.255030 -12.429950
-5.843857 -25.771030 -13.507950
-8.198857 -23.755030 -11.265950
-11.440856 -25.302031 -12.601950
-11.526857 -28.959030 -13.554950
-14.253857 -31.271030 -14.562949
-13.362856 -34.646030 -15.780950
-14.472857 -35.115032 -19.546951
-15.511857 -31.537031 -19.936950
-12.198857 -29.709030 -19.499950
-10.292857 -27.193031 -17.374950
-9.776857 -23.443031 -16.952949
-6.542857 -21.818031 -15.718950
-6.382857 -18.193031 -14.655950
-3.298857 -15.896030 -14.343950
-3.737857 -12.748031 -12.186950
-1.732857 -10.552031 -9.765950
-1.929857 -13.162030 -6.983950
-0.083857 -15.615030 -9.327950
2.324143 -13.240030 -10.905950
3.043143 -9.927031 -9.030950
4.191143 -7.935030 -12.108950
0.559143 -8.052031 -13.343950
-0.350857 -5.646030 -10.562949
1.708143 -3.050030 -12.265950
0.640143 -3.959030 -15.858949
-3.040857 -4.130031 -14.827950
-3.567857 -7.111031 -17.093950
-4.538857 -10.748031 -16.530950
-5.124856 -13.888030 -18.624950
-7.397857 -16.943031 -18.718950
-6.616857 -20.255030 -20.530950
-9.542857 -22.599030 -21.436950
-9.597857 -26.115030 -22.718950
-12.956856 -27.849030 -23.124950
-14.042857 -30.959030 -24.905950
-16.886857 -31.693031 -27.218950
-20.355856 -30.896030 -25.702949
-18.870856 -28.880030 -22.952949
-20.058857 -25.365030 -22.296951
-18.776856 -22.474030 -20.249950
-21.745856 -21.068031 -18.374950
-23.058857 -17.646030 -19.421951
-20.995856 -15.052031 -17.624950
-19.823857 -11.404031 -17.827949
-16.605856 -9.615030 -16.655950
-17.370856 -7.064031 -13.960950
-14.315856 -4.869030 -14.288949
-12.472857 -5.783031 -17.468950
-12.597857 -6.275031 -21.202949
-11.714857 -9.716030 -22.468950
-9.800857 -10.427031 -25.702949
-10.425857 -14.005031 -26.733949
-7.976857 -15.740030 -29.124950
-8.651857 -19.287031 -30.343950
-5.519857 -21.365030 -30.202949
-7.144857 -24.677031 -31.265950
-10.479857 -26.005030 -32.436950
-13.878857 -24.412031 -32.843952
-16.667857 -23.240030 -30.655950
-20.058857 -21.583031 -30.890950
-20.042857 -18.287031 -29.015950
-22.886857 -15.888030 -28.171951
-22.323857 -12.388030 -26.749950
-25.120856 -10.115030 -25.374950
-24.776856 -6.333030 -24.983949
-26.386857 -3.812030 -22.515950
-29.589858 -3.644030 -24.593950
-30.136857 -7.388031 -24.218950
-29.308857 -7.955030 -27.905950
-27.339858 -10.787030 -29.202949
-24.511857 -8.974031 -30.905950
-22.526856 -12.076031 -31.812949
-23.729857 -15.552031 -32.593952
-21.292857 -17.568031 -34.530948
-18.589858 -20.021030 -34.812949
-15.081856 -19.005030 -33.843952
-12.097857 -20.959030 -35.093952
-8.401857 -21.287031 -34.593952
-6.538857 -18.083031 -35.249950
-9.519857 -15.810030 -34.843952
-9.886857 -12.959030 -32.374950
-13.019857 -11.810030 -30.452949
-13.050857 -8.873031 -28.030950
-15.792857 -8.966030 -25.374950
-16.433857 -5.619030 -23.671951
-16.933857 -5.064031 -19.952949
-20.355856 -6.154030 -18.749950
-21.276856 -8.013031 -21.983949
-22.401856 -11.529031 -21.233949
-20.823857 -14.435030 -23.140950
-21.386857 -18.177031 -23.468950
-19.026856 -20.693031 -25.233949
-19.886857 -24.099030 -26.390950
-17.355856 -26.474030 -27.874950
-18.339858 -27.833031 -31.296951
-15.073857 -29.521030 -32.062949
-13.433857 -32.396030 -30.171951
-11.339857 -29.912031 -28.452949
-11.690856 -26.240030 -28.030950
-8.753857 -24.240030 -26.562949
-8.503857 -20.537031 -26.218950
-6.585857 -17.755030 -24.358949
-8.315856 -14.607031 -23.030950
-6.409857 -11.451031 -22.171951
-8.229857 -9.201031 -19.686950
-7.597857 -5.455030 -19.062949
-7.433857 -5.693030 -15.257950
-4.858857 -7.349031 -13.022950
-7.628857 -9.021030 -11.093950
-10.511857 -9.443030 -13.483950
-13.753857 -10.576031 -11.827950
-16.292857 -12.873031 -13.530950
-19.979857 -13.169030 -12.624950
-21.917857 -16.224030 -13.819949
-25.620856 -16.380030 -14.507950
-26.073857 -20.021030 -13.647950
-24.526856 -22.396030 -11.171950
-23.776856 -22.646030 -7.429950
-21.729857 -19.443031 -7.276950
-23.917857 -17.505030 -9.733950
-25.792857 -14.240030 -9.397950
-29.183857 -15.974031 -9.585950
-28.120856 -18.365030 -6.819950
-27.495856 -15.365030 -4.585950
-30.901856 -13.787030 -5.190950
-33.948855 -14.498031 -3.038950
-36.573855 -16.787031 -4.558950
-39.105856 -13.974031 -4.464950
-36.948855 -11.716030 -6.565950
-36.511858 -14.419030 -9.233950
-40.261858 -15.443030 -9.226950
-41.511858 -11.880031 -9.546950
-38.886858 -10.794030 -11.983950
-39.605856 -13.544030 -14.460950
-43.292857 -14.177031 -13.562949
-42.698855 -17.833031 -12.835950
-43.855856 -20.037031 -9.936950
-41.855856 -20.427031 -6.815950
-41.136858 -23.990030 -7.772950
-39.855856 -22.990030 -11.155950
-37.792857 -20.318031 -9.569949
-36.292857 -22.927031 -7.249950
-35.229857 -25.021030 -10.233950
-33.636858 -22.068031 -11.936950
-31.823857 -21.224030 -8.741949
-30.636857 -24.724030 -7.515950
-30.573857 -27.162031 -10.515950
-27.183857 -26.333031 -11.765950
-24.558857 -27.365030 -9.163949
-21.558857 -26.552031 -11.397950
-19.636857 -23.365030 -10.983950
-18.183857 -22.693031 -14.507950
-18.370856 -25.787031 -16.858949
-21.433857 -27.787031 -17.686950
-22.558857 -30.412031 -20.155950
-24.292857 -29.255030 -23.296951
-25.464858 -32.396030 -25.280950
-27.636857 -31.896030 -28.655950
-27.761857 -30.240030 -32.124950
-26.870856 -26.490030 -32.186950
-29.917857 -25.146030 -34.093952
-28.058857 -22.818031 -36.593952
-30.542857 -19.943031 -37.280948
-29.823857 -18.662031 -41.030948
-28.589858 -15.099031 -41.655948
-31.261857 -12.373031 -42.655948
-29.917857 -11.263030 -46.249950
-30.308857 -7.408031 -46.655948
-31.948857 -7.033031 -50.436950
-29.979857 -3.966030 -51.749950
-32.573855 -2.984030 -54.593952
-30.183857 -0.965030 -56.999950
-32.761858 1.533970 -58.562949
-30.870856 2.507970 -61.936950
-32.011857 6.169970 -62.343952
-31.355856 7.490970 -65.936946
-14.472857 11.439970 -24.546951
-13.714857 14.712970 -23.093950
-14.128857 17.509970 -25.827949
-11.628857 20.212969 -26.108949
-12.581856 22.978970 -23.499950
-15.362856 20.869970 -22.124950
-14.979857 22.603970 -18.796951
-15.136857 26.150970 -20.015950
-18.323857 26.884970 -18.171951
-19.605856 30.447969 -18.218950
-22.933857 29.462969 -16.921951
-24.198857 26.806969 -14.640950
-27.870856 25.806969 -14.249950
-29.948857 24.087969 -11.686950
-30.808857 20.994970 -13.655950
-33.979857 18.947969 -13.796950
-34.448855 15.392969 -15.116949
-34.479857 15.251969 -18.905950
-35.948855 11.728970 -19.296951
-38.542857 9.845969 -17.343950
-38.979857 6.091969 -17.733949
-42.323855 4.958970 -16.515950
-42.823855 1.499970 -14.991949
-45.636858 -0.459030 -13.319949
-44.761858 0.523970 -9.812949
-42.698855 3.624969 -10.132950
-40.448855 5.552969 -12.452950
-36.792857 6.216969 -13.218950
-35.698855 9.806970 -13.929950
-32.448855 10.384970 -15.765950
-30.542857 13.720969 -16.108949
-28.792857 14.658970 -19.374950
-25.245856 13.642969 -18.874950
-24.386857 15.869969 -21.936950
-25.308857 18.931969 -20.046951
-22.136857 20.994970 -19.936950
-21.683857 20.978970 -16.155950
-22.308857 17.166969 -15.905950
-20.261857 16.462969 -18.968950
-17.401856 18.431969 -17.390950
-17.761857 16.509970 -14.140950
-17.917857 13.197969 -16.140950
-20.839858 11.845969 -14.108950
-24.417857 10.759970 -14.757950
-27.245856 11.251969 -12.312949
-30.355856 9.064970 -11.851950
-33.355856 9.111970 -9.452950
-35.417857 6.009970 -8.718950
-38.917857 6.529970 -7.378950
-40.355856 3.167969 -6.269950
-43.979857 2.978970 -5.101950
-45.167857 0.903970 -2.161950
-44.667857 -2.855031 -2.952950
-42.573855 -1.866030 -5.870950
-39.479857 -4.007030 -6.812950
-36.698855 -2.552030 -8.835950
-35.386858 -5.580030 -10.616949
-31.745856 -6.818030 -10.405950
-29.433857 -4.779030 -12.562949
-25.792857 -3.685030 -12.749950
-23.636857 -0.967030 -14.335950
-20.136857 -1.012030 -15.827949
-19.386857 2.023970 -13.694949
-18.964858 2.664970 -9.968950
-22.011857 4.048970 -8.312949
-22.808857 5.896970 -5.081950
-24.667857 5.984970 -4.583950
-26.526856 6.072969 -4.085950
-28.417857 8.040970 -1.443950
-31.839858 7.177969 -0.032950
-33.542857 10.548969 -0.111950
-36.979857 9.400969 1.104050
-38.636858 6.302969 2.437050
-37.542857 2.822970 3.576050
-37.073855 -0.559030 1.923050
-34.917857 -3.644030 1.215050
-31.886857 -3.945030 -0.872950
-29.839858 -6.912030 -2.062950
-26.433857 -7.162030 -3.679950
-24.964858 -10.302031 -5.019950
-21.261857 -10.623031 -4.651950
-18.979857 -13.599031 -5.265950
-19.636857 -15.076031 -1.800950
-21.651856 -17.896030 -0.233950
-24.099857 -17.687364 0.389384
-25.323857 -17.583031 0.701050
-25.339523 -17.359364 1.959717
-25.370856 -16.912031 4.477050
-29.105856 -16.083031 4.879050
-30.776856 -19.474030 5.246050
-34.323855 -20.537031 6.184050
-34.698855 -22.490030 9.555051
-35.917857 -25.646030 7.996050
-34.198855 -28.630030 9.820050
-33.011858 -30.615030 6.914050
-33.229857 -34.177029 8.348050
-31.292857 -36.146030 5.770050
-33.855856 -38.927029 5.180050
-31.651856 -42.177029 4.984050
-31.651856 -42.302029 1.169050
-28.683857 -40.583031 -0.187950
-30.729857 -37.833031 -1.938950
-28.729857 -39.052029 -4.862950
-31.151856 -42.302029 -4.714950
-31.120856 -45.302029 -7.229950
-34.167857 -44.990032 -9.749950
-35.823855 -48.490032 -9.272950
-36.667857 -49.021030 -11.019450
-37.511858 -49.552029 -12.765950
-40.917857 -50.552029 -11.374950
-42.729857 -51.271030 -14.819949
-45.761858 -52.490032 -13.140950
-49.448855 -53.021030 -14.249950
-52.073855 -51.865032 -16.968950
-55.261858 -52.771030 -15.405950
-58.355856 -50.521030 -16.421951
-60.979857 -51.709030 -14.226950
-64.355860 -49.615032 -13.944949
-66.417857 -50.396030 -11.319949
-67.792857 -49.583031 -8.046950
-70.355860 -46.833031 -7.104950
-71.229853 -47.302029 -3.651950
-72.667857 -44.302029 -1.731950
-72.542857 -45.115032 1.716050
-72.292857 -43.896030 5.039050
-71.479853 -42.302029 8.109050
-70.792857 -39.959030 10.945050
-69.605860 -36.333031 11.852050
-67.167857 -36.927029 14.641050
-65.417857 -33.677029 15.844050
-61.792857 -34.771030 15.227050
-59.292857 -32.740032 17.344050
-57.073855 -31.083031 14.664050
-53.605856 -32.177029 15.961051
-51.229857 -29.333031 14.992050
-48.948855 -31.474030 12.734050
-45.667857 -29.693031 13.187051
-45.198855 -29.849030 9.352050
-41.386858 -30.255030 9.203050
-41.073855 -27.271030 6.734050
-38.479857 -28.443031 3.926050
-35.667857 -26.333031 2.611050
-37.167857 -23.209030 1.265050
-34.417857 -20.724030 0.316050
-30.886857 -19.552031 0.871050
-29.542857 -16.271030 -0.497950
-26.933857 -13.599031 0.162050
-27.261857 -10.724031 2.650050
-30.417857 -8.505031 2.310050
-30.214858 -5.052031 3.945050
-32.823855 -2.746030 5.293050
-32.448855 0.681970 3.863050
-33.917857 3.970970 5.051050
-33.729857 7.638969 4.625050
-30.120856 8.900969 4.789050
-28.448857 5.583970 3.787050
-25.636857 6.048970 1.323050
-24.886857 2.871969 -0.682950
-21.589858 2.203969 -2.458950
-21.683857 -0.322030 -5.347950
-18.839858 -1.838030 -7.464950
-18.979857 -2.203030 -11.218950
-20.761857 -5.283031 -12.413949
-22.433857 -6.099031 -9.046950
-26.073857 -6.994030 -9.413949
-28.370856 -5.013031 -7.124950
-32.198855 -4.845030 -6.464950
-34.479857 -2.613030 -4.312950
-37.948855 -3.373030 -2.763950
-40.167857 -0.792030 -1.150950
-41.761858 -2.482030 1.768050
-42.917857 0.795970 3.270050
-45.979857 2.976969 2.811050
-44.167857 5.919970 1.307050
-42.355856 6.013969 -1.948950
-38.792857 4.908969 -1.770950
-36.698855 7.599969 -3.540950
-33.105856 6.701970 -4.280950
-30.714858 9.048969 -6.116950
-27.464858 7.751969 -7.694949
-24.339858 9.228970 -9.218950
-22.589858 7.115970 -11.874950
-18.948857 7.892970 -12.296950
-18.542857 7.681970 -16.062949
-15.058857 9.126969 -16.155950
-13.683857 6.580970 -13.694949
-10.894857 4.177969 -14.671950
-13.175857 1.370970 -13.585950
-15.472857 2.132970 -16.468950
-13.589857 0.648970 -19.405950
-16.386857 1.502970 -21.843950
-17.355856 4.935969 -23.108949
-18.870856 7.751969 -21.046951
-22.464858 6.615970 -21.421951
-24.479857 5.271970 -18.624950
-25.464858 1.661970 -19.515950
-27.605856 -0.288030 -17.186950
-27.573857 -4.095030 -17.702949
-30.870856 -5.611031 -16.655950
-31.073857 -9.224031 -15.468950
-34.886858 -9.146030 -15.562949
-37.636858 -7.068030 -17.046951
-37.855856 -4.900031 -20.124950
-37.636858 -1.227030 -20.780950
-40.011858 -0.511030 -23.577949
-38.917857 3.107970 -23.796951
-35.386858 2.027970 -24.312949
-32.198855 3.845970 -23.436950
-33.417857 7.208970 -24.655950
-30.308857 9.119969 -23.452949
-28.026856 7.197969 -25.749950
-27.808857 8.353970 -29.358949
-29.136857 5.689970 -31.718952
-31.011857 3.746969 -29.155950
-33.855856 6.181970 -28.624950
-36.386858 4.048970 -30.296951
-35.198855 0.607970 -29.358949
-36.636858 -1.272030 -26.515950
-34.136858 -2.492030 -23.999950
-34.386858 -6.130031 -22.890950
-32.855856 -8.169030 -20.155950
-29.542857 -9.919030 -20.733949
-31.042857 -13.451031 -20.890950
-33.073855 -12.365030 -23.890950
-29.886857 -12.154031 -25.905950
-29.245856 -15.865030 -25.608949
-31.011857 -18.646030 -27.374950
-33.573855 -20.396030 -25.155950
-31.776856 -23.693031 -25.733949
-28.636857 -22.333031 -24.390950
-30.370856 -21.083031 -21.312949
-32.151856 -24.412031 -20.843950
-28.901856 -26.209030 -20.874950
-27.151856 -23.677031 -18.686950
-29.823857 -23.677031 -15.999950
-30.870856 -27.365030 -16.577949
-34.448855 -26.412031 -16.999950
-37.011858 -26.927031 -19.702949
-37.042857 -24.755030 -22.812949
-40.386858 -23.271030 -21.874950
-39.136858 -21.990030 -18.640950
-36.073855 -20.724030 -20.421951
-38.292857 -18.740030 -22.702949
-40.011858 -17.224030 -19.749950
-36.698855 -16.052031 -18.374950
-36.323855 -13.896030 -21.468950
-39.355856 -11.755031 -20.421951
-40.261858 -11.185030 -24.093950
-43.917857 -10.357031 -23.358949
-43.323855 -8.482031 -20.155950
-44.198855 -4.798030 -20.515950
-44.323855 -3.951031 -16.796951
-40.979857 -2.140030 -16.983949
-38.042857 -2.464031 -14.679950
-39.917857 -1.525030 -11.476950
-42.729857 -4.052031 -10.944949
-45.386858 -4.474031 -8.382950
-45.042857 -7.544030 -6.194950
-48.167857 -9.513030 -6.042950
-48.667857 -11.091030 -2.599950
-46.292857 -11.419030 0.223050
-42.698855 -10.630031 -0.303950
-41.105856 -13.177031 2.160050
-37.386858 -12.771030 1.814050
-35.167857 -14.029031 4.602050
-34.073855 -10.974031 6.508050
-33.323855 -10.083031 10.117050
-35.855856 -8.083031 12.086051
-35.448855 -4.314031 12.578050
-34.448855 -3.396030 16.359050
-38.042857 -2.365031 17.344050
-39.542857 -5.529030 15.937051
-38.136858 -8.638030 17.750050
-37.761858 -11.005031 14.828050
-36.042857 -14.271030 15.180051
-34.136858 -15.005031 12.070050
-30.479857 -17.037031 11.922050
-27.214858 -15.669030 10.008051
-24.276856 -18.224030 8.687051
-20.073857 -18.349030 8.371050
-16.323857 -17.771030 6.770050
-16.464857 -16.747530 5.072550
-16.605856 -15.724031 3.375050
-16.620856 -13.162030 5.996050
-14.120857 -10.396030 5.793050
-14.425857 -9.240030 2.277050
-17.855856 -10.888030 2.056050
-19.089858 -9.029031 5.125050
-17.745856 -5.716031 3.965050
-19.886857 -2.736030 4.770050
-21.292857 -0.930030 1.752050
-23.917857 1.283970 3.420050
-23.620856 4.267970 5.848050
-26.292857 6.587970 7.070050
-25.605856 10.322969 6.687050
-28.901856 11.705970 7.965050
-28.276856 10.978970 11.602050
-27.229857 14.298969 13.141050
-25.605856 12.416969 16.047050
-22.917857 11.509970 13.695050
-22.386857 14.978970 12.336051
-18.823857 16.212969 11.781050
-19.667857 19.947969 11.930051
-22.370856 21.212969 14.320050
-23.479857 24.572969 15.344050
-26.495856 24.869970 17.437051
-29.339858 26.853970 15.453050
-27.448857 26.931969 12.273050
-27.214858 23.197969 11.406050
-24.792857 20.322969 10.781050
-22.636857 18.759970 8.066050
-21.823857 15.025969 7.785050
-19.136857 13.705970 5.492050
-18.636857 10.111970 4.127050
-15.151857 9.267969 2.805050
-12.722857 6.294970 2.641050
-11.831856 6.623970 6.352050
-15.550857 6.009970 7.141050
-16.292857 3.414970 4.555050
-13.292857 1.501970 3.049050
-15.019857 0.502970 -0.242950
-14.940856 4.208970 -1.237950
-11.198857 3.890970 -1.651950
-11.808857 1.580970 -4.503950
-14.784856 3.548969 -5.991950
-12.894857 6.861969 -5.612950
-16.089857 8.587970 -4.585950
-17.276856 10.330970 -1.418950
-20.386857 12.158970 -0.155950
-21.370856 15.111970 2.037050
-24.792857 15.626969 3.713050
-25.823857 19.197969 4.809050
-28.667857 20.447969 6.887050
-28.839858 24.150970 7.723050
-31.542857 26.369970 9.078050
-32.823855 29.712969 8.016050
-30.120856 32.478970 7.918050
-27.386857 29.962969 8.031050
-24.636857 30.025970 5.461050
-21.917857 27.634970 4.477050
-18.761857 29.712969 4.123050
-17.386857 30.228970 0.606050
-15.245857 27.228970 -0.210950
-13.855856 25.212969 -3.153950
-12.979857 21.447969 -3.603950
-9.253857 20.978970 -4.155950
-9.323857 17.572969 -5.812950
-12.894857 16.681969 -6.761950
-16.042857 17.697969 -8.562949
-19.120856 18.040970 -6.413950
-22.651856 17.072969 -7.542950
-25.151856 18.822969 -5.300950
-28.761857 17.447969 -5.065950
-31.355856 19.275970 -2.962950
-33.355856 16.837969 -0.897950
-35.417857 19.494970 1.019050
-35.948855 23.228970 1.046050
-34.386858 26.087969 -0.795950
-31.151856 27.962969 -0.753950
-29.401856 30.744970 -2.567950
-26.214858 29.462969 -4.140950
-23.386857 31.353970 -5.897950
-20.605856 29.587969 -7.827950
-17.448857 31.384970 -9.140950
-15.245857 29.931969 -11.936950
-11.495857 30.306969 -12.726950
-12.058857 33.666969 -14.390950
-13.526857 35.103970 -11.171950
-16.995856 35.228970 -12.788949
-20.105856 34.384968 -11.015950
-21.355856 31.587969 -13.218950
-24.448857 30.744970 -11.038949
-26.417857 32.947971 -8.827950
-29.776856 31.603970 -8.069949
-32.120856 29.759970 -5.972950
-31.948857 25.978970 -5.870950
-34.886858 23.962969 -4.722950
-35.823855 20.431969 -3.812950
-35.261858 17.962969 -6.573950
-32.792857 20.087969 -8.483950
-29.229857 19.166969 -9.374950
-26.120856 21.447969 -9.499950
-22.651856 20.181969 -10.460950
-19.761857 22.290970 -9.124950
-16.448857 21.634970 -10.897950
-13.097857 21.212969 -9.233950
-11.628857 24.509970 -8.007950
-14.862856 26.494970 -8.444949
-15.761857 28.353970 -5.300950
-19.292857 28.009970 -3.913950
-21.339858 29.619970 -1.132950
-24.808857 28.400970 0.115050
-27.261857 30.384970 2.094050
-30.464858 28.869970 3.385050
-33.542857 30.884970 2.396050
-36.042857 28.400970 3.652050
-36.636858 27.228970 7.227050
-34.636858 24.244970 6.410050
-32.292857 23.509970 3.678050
-30.964858 19.931969 3.217050
-28.823857 18.634970 0.448050
-26.479857 15.712970 -0.525950
-23.229857 16.259970 -2.462950
-21.495856 13.423969 -4.312950
-17.776856 14.064970 -4.866950
-15.526857 12.322969 -7.456950
-12.683857 11.494969 -5.030950
-12.620857 9.056970 -2.145950
-11.112856 11.705970 0.059050
-12.331856 15.025969 -1.285950
-10.605856 18.025970 0.304050
-12.378857 21.369970 0.892050
-10.620857 24.775970 1.296050
-12.573857 27.619970 2.883050
-12.034856 31.306969 2.202050
-13.120857 32.509968 5.609050
-12.940856 31.150970 9.148050
-10.362856 29.806969 11.594050
-9.183857 26.978970 9.273050
-9.409856 29.056969 6.082050
-6.819857 29.884970 3.441050
-6.812857 33.603970 4.398050
-6.237857 32.634968 8.047050
-3.103857 30.806969 6.988050
-1.679857 33.759968 4.996050
0.641143 36.384968 6.547050
-0.998857 39.759968 7.230050
1.387143 41.384968 4.734050
0.242143 39.166969 1.914050
-3.460857 39.978970 2.594050
-2.806857 43.759968 3.098050
-0.777857 44.103970 -0.153950
-2.950857 41.790970 -2.181950
-6.159857 43.697971 -1.461950
-4.585857 47.166969 -0.802950
-6.171857 47.447971 2.693050
-4.628857 48.572971 6.008050
-2.997857 46.166969 8.348050
-5.882857 46.603970 10.766050
-8.433857 45.790970 8.070050
-6.394857 42.853970 7.023050
-6.440856 41.634968 10.687051
-10.237856 41.790970 10.727050
-10.495857 39.853970 7.480050
-8.108857 37.290970 8.844050
-9.355856 36.822971 12.516050
-13.011857 38.009968 12.781050
-14.628857 34.822971 11.719050
-13.948857 32.166969 14.305051
-16.229857 29.572969 12.625050
-14.823857 26.822969 10.492050
-17.698857 25.962969 8.051050
-21.120856 27.447969 9.141050
-21.855856 31.040970 9.984050
-24.870856 33.259968 10.563050
-26.198857 35.259968 7.605050
-29.073857 37.540970 8.867050
-30.823857 40.134968 6.293050
-32.636858 40.447971 2.969050
-30.886857 38.697971 0.057050
-30.714858 41.634968 -2.409950
-32.026856 39.790970 -5.538950
-30.183857 41.634968 -8.421950
-32.729857 41.290970 -11.460950
-31.433857 39.728970 -14.726950
-30.433857 42.447971 -17.421951
-32.886858 41.509968 -20.515950
-30.761857 41.697971 -23.827949
-33.229857 43.697971 -26.312949
-32.948855 41.666969 -29.640950
-34.105856 44.447971 -32.186950
-35.417857 42.322971 -35.218952
-34.667857 44.728970 -38.186950
-37.292857 43.572971 -40.874950
-35.292857 44.197971 -44.155948
-37.729857 44.822971 -46.999950
7.426143 -10.701031 28.031050
6.168143 -13.919030 26.781050
7.437143 -16.787031 29.078049
8.684144 -19.943031 27.609050
5.590143 -22.224030 26.937051
3.242143 -19.537031 27.953049
0.581143 -20.959030 25.641051
0.717143 -24.490030 26.875050
-2.794857 -24.412031 28.219050
-4.265857 -27.615030 29.578049
-7.124856 -25.865030 31.172051
-9.120857 -22.818031 30.437051
-11.503857 -21.052031 32.875050
-14.386857 -18.709030 32.687051
-12.808857 -15.709030 34.313050
-14.245857 -13.076031 36.594052
-12.862856 -9.654031 37.469052
-9.987856 -9.857031 39.937051
-9.886857 -6.166030 40.937051
-12.581856 -3.615031 41.469052
-11.815856 0.096970 41.687051
-14.573857 2.005970 43.344052
-15.355856 5.615970 42.406048
-17.964858 8.244969 43.281048
-20.308857 7.431970 40.469052
-19.370856 3.941970 39.375050
-16.636857 1.398970 39.344052
-13.909856 -0.060030 37.156048
-13.409856 -3.828030 37.094052
-10.105856 -5.244030 35.875050
-9.339857 -8.904031 34.969052
-5.976857 -10.482031 35.813050
-3.950857 -10.162030 32.719052
-1.539857 -12.771030 34.250050
-4.153857 -15.404031 34.031048
-2.685857 -18.052031 31.734050
-5.265857 -17.771030 28.953049
-5.097857 -13.912030 28.906050
-1.344857 -13.927031 29.266051
-1.167857 -16.271030 26.250050
-3.474857 -14.013030 24.250050
-1.395857 -10.943030 25.328049
-4.479857 -8.857031 26.125050
-5.991857 -7.130031 29.172051
-9.690856 -6.814031 29.781050
-11.534856 -4.001030 31.656050
-15.222857 -3.218030 32.375050
-16.448857 0.313970 33.187051
-19.714858 0.636970 35.031048
-20.792857 4.302969 35.094052
-23.870856 5.318970 37.063050
-26.417857 7.861969 35.906048
-24.745856 11.345969 35.656048
-21.433857 9.681970 36.031048
-18.417857 11.072969 34.094052
-15.448857 8.908970 33.437051
-12.651857 11.431970 33.281048
-10.339857 11.923969 30.203049
-7.702857 9.283970 30.063050
-5.562857 7.466969 27.469050
-3.515857 4.228970 27.141051
-0.204857 3.404970 25.469050
-1.967857 0.491970 23.828049
-4.647857 0.117970 21.156050
-8.050857 -0.461030 22.547051
-11.370857 -1.816030 21.250050
-12.913857 -1.456530 22.351550
-14.456856 -1.097030 23.453049
-18.058857 -2.394030 23.422051
-21.042857 -0.752030 24.984050
-22.729857 -3.709030 26.656050
-25.526856 -1.763030 28.359050
-26.979857 1.707970 28.484050
-26.448857 4.974969 26.578049
-24.245856 8.033970 26.969050
-21.761857 10.540970 25.469050
-18.229857 10.009970 24.484050
-15.479857 12.408970 23.375050
-12.097857 11.822969 21.828049
-9.558857 14.478970 21.250050
-7.487857 14.056970 18.156050
-5.011857 16.462969 16.516051
-7.772857 18.353970 14.664050
-9.667857 21.666969 14.945050
-11.704524 21.989637 16.471050
-12.722857 22.150970 17.234050
-13.725190 22.062304 16.450383
-15.729857 21.884970 14.883051
-18.495856 21.853970 17.563050
-19.136857 25.540970 18.297051
-21.886857 27.353970 20.328049
-24.261857 29.666969 18.234050
-23.183857 32.853970 19.859050
-22.855856 35.572971 17.078049
-19.495856 37.040970 17.922051
-20.011857 40.728970 16.906050
-16.448857 41.978970 16.922051
-16.964858 45.134968 19.047051
-14.855856 47.884968 17.234050
-11.839857 47.540970 19.563050
-9.394857 45.103970 18.250050
-9.933857 42.540970 21.031050
-6.269857 43.103970 21.391051
-7.351857 46.666969 22.969050
-4.819857 49.509968 23.828049
-4.847857 49.822971 27.813050
-5.624856 53.634968 28.219050
-4.655357 54.369469 29.828050
-3.685857 55.103970 31.437051
-6.690856 56.853970 33.031048
-5.128857 58.697971 36.313050
-8.417857 59.603970 37.719052
-8.784856 61.540970 41.125050
-10.167857 59.540970 44.156048
-12.144857 62.384968 45.500050
-13.839857 61.916969 49.063050
-17.120856 63.259968 49.344052
-19.979857 62.540970 51.937051
-23.370856 63.384968 51.531048
-27.026856 62.978970 52.125050
-30.417857 61.572971 52.687051
-33.573855 61.540970 51.187051
-36.855856 59.853970 50.719052
-39.042857 59.666969 48.031048
-41.573855 58.197971 45.875050
-43.448855 54.947971 45.125050
-44.886858 54.697971 41.906048
-45.792857 51.290970 40.281048
-45.573855 51.790970 36.687051
-46.011858 48.509968 34.719052
-43.011858 48.978970 32.469052
-43.167857 46.759968 29.297051
-40.198855 44.447971 29.813050
-38.667857 44.759968 26.313050
-37.198855 41.290970 25.609050
-33.573855 42.478970 25.328049
-32.261858 39.916969 22.875050
-29.167857 39.416969 25.125050
-26.511857 38.822971 22.391051
-25.167857 35.603970 24.156050
-21.183857 35.822971 24.016051
-18.886857 33.072971 22.953049
-19.386857 30.103970 25.297051
-17.448857 26.978970 24.063050
-15.894857 25.197969 21.109050
-14.651857 21.587969 21.297051
-14.026857 18.540970 19.109050
-16.698857 16.040970 18.063050
-18.839858 14.478970 20.906050
-20.636857 11.220969 20.000050
-23.745856 9.619969 21.359050
-23.105856 6.052969 22.313050
-25.589858 3.263970 22.984050
-25.855856 -0.396030 23.469050
-23.995856 -2.359030 20.734050
-21.558857 0.472970 19.781050
-18.042857 -0.793030 19.266051
-15.417857 1.994970 19.703049
-11.901857 1.801970 18.266051
-9.253857 4.040969 19.969050
-5.597857 4.720970 19.016051
-2.751857 4.732970 21.531050
-2.331857 8.025969 23.328049
-5.776857 9.462970 22.344050
-7.530857 11.072969 25.281050
-11.097857 9.783970 25.719050
-13.987856 10.439970 28.266051
-17.479857 8.884970 28.813050
-20.667857 10.486970 30.422051
-23.776856 8.564970 31.250050
-26.636857 10.822969 30.437051
-29.167857 7.986970 30.672051
-31.120856 6.455970 33.500050
-29.433857 3.078969 33.375050
-25.870856 2.308969 34.094052
-23.605856 2.681970 31.156050
-21.495856 -0.506030 30.969050
-18.526856 -0.439030 28.625050
-16.120857 -3.369030 28.203049
-12.644857 -2.916030 26.625050
-9.847857 -5.138031 25.375050
-6.323857 -3.671031 25.578049
-3.903857 -5.201030 23.156050
-0.752857 -5.427031 25.250050
1.166143 -7.544030 22.781050
0.648143 -5.103030 19.906050
3.613143 -3.398031 18.187051
1.936143 -0.107030 18.953049
2.547143 -0.641030 22.641051
6.234143 0.147970 22.937051
6.141143 -0.368030 26.750050
5.867143 -3.646030 28.609050
2.811143 -5.908031 28.703049
1.080143 -4.087030 31.578049
-2.015857 -2.109030 31.187051
-1.229857 1.540970 32.187051
-3.946857 4.076970 32.109050
-2.786857 7.759970 32.031050
-5.308857 10.017969 33.719052
-5.597857 13.689970 32.750050
-7.901857 14.361970 35.719052
-8.909856 12.720969 38.969052
-7.136857 10.384970 41.344052
-7.218857 6.677969 41.875050
-6.745857 6.220970 45.563050
-6.589857 2.445970 45.219052
-3.813857 2.740970 42.781048
-2.843857 0.396970 39.969052
-3.351857 -2.748030 42.000050
-2.704857 -5.142030 39.063050
0.831143 -3.921031 38.625050
3.471143 -5.416030 40.906048
4.953143 -2.750031 43.187051
2.213143 -0.256030 42.781048
-0.430857 -2.023031 44.781048
-0.341857 0.433970 47.594052
0.368143 3.632970 45.781048
-2.259857 6.009970 44.844052
-2.378857 6.923970 41.219052
-2.675857 10.666969 40.313050
-3.368857 12.595969 37.187051
-0.508857 13.556970 34.875050
-0.619857 17.290970 35.781048
0.147143 16.384970 39.344052
3.623143 15.298969 38.281048
4.527143 18.853970 37.250050
5.301143 21.759970 39.531048
2.350143 24.150970 39.875050
4.582143 26.994970 38.563050
5.227143 25.134970 35.469052
1.571143 24.540970 34.906048
0.751143 28.197969 35.656048
3.180143 29.306969 33.000050
2.102143 26.681969 30.516051
-1.653857 27.462969 30.859050
-1.093857 31.275970 31.625050
-3.249857 30.962969 34.813050
-2.612857 31.712969 38.500050
-0.657857 29.275970 40.656048
-3.741857 28.572969 42.781048
-5.694857 27.384970 39.813050
-2.655857 25.384970 38.656048
-2.690857 23.697969 42.031048
-6.327857 22.790970 41.594052
-5.530857 21.134970 38.250050
-3.337857 18.697969 40.156048
-6.452857 17.275970 41.969052
-4.351857 16.587969 45.063050
-7.351857 16.572969 47.469052
-9.815856 14.939970 45.125050
-10.815856 11.470969 46.344052
-13.940856 10.900969 44.219052
-11.972857 8.603970 41.906048
-11.831856 8.540970 38.156048
-15.636857 8.298969 37.656048
-17.261857 11.369969 39.219052
-20.792857 12.564970 39.531048
-21.636857 15.673969 37.563050
-23.308857 18.212969 39.656048
-25.948857 20.119970 37.656048
-26.573857 20.212969 34.031048
-24.089858 18.728970 31.703049
-24.479857 21.134970 28.656050
-21.964858 19.994970 26.109050
-22.479857 21.056969 22.531050
-23.839858 17.994970 20.766051
-26.276856 17.306969 17.969050
-29.745856 16.056969 18.813050
-30.605856 12.290970 18.547051
-33.042857 11.478970 15.422050
-36.198855 11.228970 17.578049
-35.479857 14.470969 19.313050
-35.573855 17.447969 16.828049
-32.886858 19.540970 18.266051
-31.417857 22.384970 16.391051
-27.761857 22.400970 16.875050
-24.948857 23.666969 14.047050
-21.792857 21.478970 12.883051
-18.479857 23.244970 11.289050
-15.581856 22.556969 8.293050
-12.120857 21.166969 6.484050
-11.027357 20.002469 7.695050
-9.933857 18.837969 8.906050
-12.261857 16.416969 7.449050
-10.964857 13.228970 6.055050
-8.737856 11.916969 8.695050
-10.394857 14.220969 11.273050
-13.870857 12.955970 10.437051
-12.823857 9.337970 10.477050
-15.355856 6.958970 11.867050
-14.284856 5.193970 15.039050
-17.605856 3.720970 16.180051
-19.886857 0.969970 14.672050
-22.933857 -0.635030 16.133051
-22.964858 -4.455030 16.211051
-26.229857 -5.013031 18.031050
-28.479857 -4.091031 15.156050
-29.651856 -7.384030 13.672050
-30.495856 -5.611031 10.391050
-26.870856 -5.498031 9.766050
-26.183857 -9.107031 10.578050
-23.808857 -11.083031 8.328050
-25.167857 -14.529031 9.234050
-28.855856 -15.037030 9.930051
-31.026856 -17.959030 10.367050
-34.573855 -17.459030 11.352050
-35.261858 -18.927031 14.930051
-31.651856 -19.724030 15.586051
-30.073857 -16.240030 15.609050
-27.542857 -13.974031 13.883051
-23.839858 -13.146030 13.867050
-22.370856 -9.685030 13.063050
-18.714858 -9.146030 12.375050
-16.651856 -5.880031 12.539050
-13.323857 -5.884030 10.648050
-11.112856 -3.501030 8.617050
-13.464857 -3.638031 5.605050
-16.229857 -2.203030 7.859050
-14.206856 0.220970 9.852050
-10.823857 1.329970 8.352050
-9.190856 2.367970 11.695050
-9.112856 -1.355030 12.617050
-6.401857 -1.843030 10.008051
-4.110857 0.222970 12.203050
-5.269857 -1.203030 15.547050
-5.034857 -4.771030 14.172050
-8.128857 -5.732030 16.078050
-11.620857 -6.916030 15.102050
-14.862856 -7.943030 16.828049
-17.729857 -10.427031 16.437051
-21.229857 -10.083031 18.016051
-23.401856 -13.248031 18.422051
-26.995856 -13.693030 19.375050
-28.448857 -17.193031 19.313050
-31.620856 -18.677031 20.703049
-32.292857 -21.771030 22.672051
-31.073857 -25.037031 20.937051
-28.964858 -23.130030 18.531050
-25.323857 -23.974030 18.125050
-22.386857 -22.287031 16.469050
-20.589858 -24.974030 14.508051
-17.151856 -26.115030 15.742050
-14.589857 -23.693031 14.367050
-11.089857 -22.271030 15.016050
-9.472857 -18.818031 14.305051
-6.655857 -19.146030 11.797050
-4.769857 -15.959030 12.586051
-6.105857 -14.498031 15.820050
-6.890857 -15.013030 19.469050
-10.495857 -14.521030 20.469050
-11.636857 -12.974031 23.781050
-15.229857 -13.951031 24.406050
-17.355856 -11.865030 26.844050
-20.917857 -12.935030 27.641051
-23.261857 -9.974031 27.578049
-26.511857 -11.935030 28.172051
-27.636857 -15.459030 28.937051
-25.808857 -18.740030 29.187051
-24.214858 -21.224030 26.922051
-22.292857 -24.474030 27.016051
-18.870856 -24.037031 25.453049
-16.159856 -26.599030 24.609050
-12.612856 -25.646030 23.578049
-10.003857 -28.115030 22.187051
-6.233857 -27.443031 22.172051
-3.376857 -28.599030 19.844050
-3.128857 -31.974030 21.625050
-6.753857 -32.771030 20.875050
-7.714857 -32.333031 24.547051
-10.800857 -30.724030 25.750050
-9.401857 -27.927031 27.828049
-12.722857 -26.287031 28.609050
-16.136857 -27.818031 28.937051
-18.526856 -25.740030 30.891051
-21.198857 -23.255030 31.172051
-20.417857 -19.599030 30.594050
-22.729857 -16.912031 31.922051
-23.308857 -13.224031 31.719050
-20.339858 -11.177031 32.813050
-17.808857 -13.935030 32.359050
-14.737856 -13.857031 30.141051
-13.151857 -16.709030 28.078049
-10.026857 -16.287031 25.953049
-9.651857 -18.771030 23.078049
-6.128857 -19.005030 21.641051
-5.210857 -19.115030 17.969050
-5.890857 -22.474030 16.375050
-7.940856 -23.818031 19.344050
-11.269857 -25.146030 18.172051
-14.448857 -23.974030 19.922051
-18.151856 -24.880030 19.844050
-20.995856 -22.865030 21.516051
-24.417857 -24.099030 22.328049
-27.120856 -21.896030 23.781050
-28.698857 -23.302031 26.953049
-30.683857 -20.240030 27.844050
-33.511858 -18.662031 25.859050
-31.089858 -16.224030 24.547051
-27.401856 -16.271030 24.516051
-25.526856 -13.068030 23.406050
-21.839858 -12.513030 23.437051
-19.073857 -10.216030 22.016051
-15.698857 -11.576031 20.859050
-12.659856 -9.349031 20.469050
-10.058857 -10.755031 18.063050
-6.339857 -9.771030 17.859050
-6.272857 -9.279031 14.063050
-7.948857 -6.646030 11.914050
-9.206856 -9.349031 9.602050
-9.565856 -12.459030 11.703050
-10.284856 -15.599031 9.672050
-12.487856 -18.459030 10.937051
-12.386857 -22.068031 9.687051
-15.355856 -24.333031 10.430051
-15.253857 -28.099030 10.789050
-18.745856 -28.740030 9.555051
-21.026856 -27.162031 7.000050
-21.026856 -26.083031 3.328050
-18.011857 -23.787031 3.650050
-16.120857 -26.037031 6.078050
-12.667857 -27.630030 5.891050
-14.120857 -31.146030 5.625050
-16.355856 -30.005030 2.748050
-13.229857 -28.943031 0.878050
-11.417857 -32.271030 1.340050
-11.675857 -35.177029 -1.137950
-13.855856 -38.083031 -0.057950
-10.839857 -40.365032 -0.118950
-8.956856 -38.240032 2.354050
-11.901857 -38.240032 4.809050
-12.605856 -42.021030 4.371050
-8.995857 -43.052029 4.918050
-8.355856 -40.583031 7.660050
-11.214857 -41.740032 9.805051
-11.456856 -45.365032 8.539050
-15.073857 -44.990032 7.527050
-16.901856 -46.052029 4.359050
-17.214858 -43.802029 1.390050
-20.917857 -43.459030 2.069050
-20.308857 -42.427029 5.621050
-17.683857 -40.052029 4.492050
-20.229857 -38.521030 2.056050
-22.636857 -37.927029 4.926050
-19.979857 -36.271030 7.008050
-19.042857 -34.115032 4.070050
-22.495856 -33.083031 2.621050
-25.183857 -33.490032 5.375050
-24.776856 -30.162031 6.984050
-25.792857 -27.396030 4.535050
-25.433857 -24.568031 7.098050
-22.417857 -22.349030 7.137050
-22.183857 -21.193031 10.820050
-25.417857 -21.849030 12.852050
-27.229857 -25.130030 13.211051
-29.964858 -26.662031 15.320050
-28.933857 -28.568031 18.406050
-32.105856 -30.130030 19.969050
-31.808857 -32.583031 23.156050
-30.401856 -32.896030 26.687051
-26.776856 -31.802031 27.031050
-25.370856 -34.896030 28.875050
-23.511857 -33.052029 31.719050
-20.542857 -35.396030 32.469052
-19.745856 -34.896030 36.344052
-16.339858 -33.490032 37.344052
-13.862856 -36.240032 38.656048
-12.995857 -34.709030 42.219052
-9.167857 -35.177029 43.094052
-9.190856 -37.209030 46.625050
-6.593857 -35.115032 48.687051
-5.667857 -38.052029 51.094052
-3.985857 -35.927029 53.906048
-1.686857 -38.615032 55.437051
-1.320857 -37.209030 59.094052
2.203143 -38.552029 59.813050
2.715143 -38.552029 63.594052
10.590144 -15.818030 24.266051
13.894144 -14.669030 23.187051
16.488143 -15.107031 26.094050
18.941143 -12.443030 26.859050
21.988143 -12.935030 24.469050
20.254144 -15.732031 22.687051
22.223144 -14.912030 19.547051
25.660142 -14.896030 21.078049
26.832143 -17.833031 19.047051
30.457143 -18.849030 19.313050
29.894144 -22.099030 17.641051
27.551143 -23.365030 15.016050
26.894144 -27.037031 14.219050
25.582143 -29.005030 11.359050
22.426143 -30.271030 12.961051
20.644144 -33.583031 12.648050
17.051143 -34.490032 13.578050
16.598144 -34.896030 17.313050
13.199143 -36.646030 17.250050
11.699143 -39.177029 14.945050
7.973143 -39.927029 14.937051
7.207143 -43.209030 13.344050
3.957143 -43.833031 11.461051
2.393143 -46.615032 9.383051
3.596143 -45.396030 6.063050
6.473143 -43.083031 6.859050
8.027143 -40.927029 9.516050
8.301143 -37.333031 10.672050
11.707143 -36.021030 11.773050
11.855143 -32.896030 13.937051
14.965144 -30.802031 14.758051
15.473143 -29.302031 18.219050
14.199143 -25.818031 17.953049
16.082143 -25.099030 21.266051
19.363143 -25.583031 19.563050
21.160142 -22.240030 19.922051
21.410142 -21.443031 16.219050
17.707143 -22.380030 15.570050
16.582143 -20.646030 18.734050
18.410142 -17.505030 17.578049
16.816143 -17.709030 14.148050
13.371143 -18.302031 15.813050
12.449143 -21.146030 13.422050
11.621143 -24.833031 13.656050
12.551143 -27.396030 11.031050
10.691143 -30.615030 10.109050
11.191143 -33.333031 7.484050
8.348143 -35.583031 6.281050
9.262144 -38.865032 4.719050
6.148143 -40.459030 3.164050
6.371143 -43.959030 1.691050
4.680143 -45.021030 -1.523950
0.837143 -44.896030 -1.032950
1.386143 -42.990032 2.146050
-1.102857 -40.177029 3.123050
-0.054857 -37.521030 5.500050
-3.323857 -36.615032 7.121050
-4.851857 -33.052029 7.090050
-3.206857 -30.818031 9.602050
-2.470857 -27.099030 10.148050
-0.085857 -24.912031 12.195050
-0.520857 -21.583031 13.992050
2.611143 -20.396030 12.234050
3.514143 -19.599030 8.625050
5.297143 -22.349030 6.863050
7.473143 -22.709030 3.760050
7.754143 -24.498031 3.107550
8.035143 -26.287031 2.455050
10.355143 -27.771030 -0.127950
9.941143 -31.115030 -1.907950
13.426143 -32.552029 -1.647950
12.676143 -35.927029 -3.255950
9.879143 -37.709030 -5.011950
6.422143 -36.771030 -6.382950
2.877143 -36.740032 -5.015950
-0.443857 -34.896030 -4.425950
-1.160857 -32.083031 -2.112950
-4.397857 -30.396030 -1.035950
-5.081857 -27.193031 0.847050
-8.425857 -26.099030 2.013050
-9.034856 -22.412031 1.924050
-12.237856 -20.443031 2.467050
-13.370857 -20.896030 -1.186950
-15.847857 -22.959030 -3.167950
-15.363190 -25.333697 -3.969950
-15.120857 -26.521030 -4.370950
-14.795524 -26.396030 -5.593616
-14.144857 -26.146030 -8.038949
-12.972857 -29.755030 -8.686950
-16.167857 -31.662031 -9.507950
-16.823857 -35.209030 -10.851950
-18.448857 -35.396030 -14.413949
-21.605856 -37.021030 -13.280950
-24.589858 -35.333031 -15.210950
-26.933857 -34.583031 -12.429950
-30.339858 -35.052029 -14.226950
-32.729857 -33.427029 -11.772950
-35.292857 -36.240032 -11.593950
-38.761858 -34.365032 -11.530950
-39.292857 -34.709030 -7.780950
-38.073855 -31.677031 -6.097950
-35.386858 -33.490032 -4.132950
-37.105856 -31.740030 -1.327950
-40.229857 -34.209030 -2.106950
-43.573855 -34.240032 -0.065950
-43.698855 -37.396030 2.228050
-47.042857 -38.865032 0.914050
-47.995856 -39.724031 2.421050
-48.948855 -40.583031 3.928050
-49.698855 -43.833031 2.041050
-52.105856 -45.802029 4.480050
-51.573855 -49.083031 2.883050
-53.979857 -51.896030 4.113050
-54.105856 -55.490032 5.687050
-54.042857 -58.052029 3.078050
-53.261858 -61.709030 4.281050
-52.761858 -63.615032 1.223050
-50.886858 -66.959034 1.763050
-50.355856 -69.521030 -0.600950
-49.105856 -71.583027 -3.292950
-47.042857 -73.709034 -5.479950
-45.386858 -74.771030 -8.468950
-42.792857 -75.833027 -10.827950
-41.261858 -75.709034 -14.022950
-39.073855 -75.271030 -16.858949
-36.323855 -74.521030 -19.202949
-34.823855 -72.771030 -21.874950
-32.011857 -70.959034 -23.718950
-32.198855 -67.521030 -25.046951
-28.886857 -65.583027 -25.733949
-29.386857 -62.302029 -23.827949
-27.729857 -59.427029 -25.780950
-25.886857 -57.583031 -22.921951
-27.120856 -53.990032 -23.593950
-24.308857 -51.677029 -22.218950
-26.542857 -49.771030 -19.780950
-24.855856 -46.365032 -19.765950
-25.214858 -46.240032 -15.905950
-25.823857 -42.521030 -15.429950
-23.073857 -42.302029 -12.655950
-24.558857 -40.021030 -9.718950
-22.792857 -37.177029 -8.007950
-19.698857 -38.646030 -6.444950
-17.511857 -35.833031 -5.058950
-16.605856 -32.146030 -5.198950
-13.573857 -30.724030 -3.409950
-11.105856 -27.818031 -3.581950
-7.999856 -27.677031 -5.812950
-5.546857 -30.709030 -5.558950
-2.008857 -30.052031 -6.847950
0.616143 -32.365032 -8.202950
3.859143 -31.849030 -6.429950
7.371143 -32.959030 -7.425950
10.973143 -32.521030 -6.530950
11.879143 -28.818031 -6.374950
8.379143 -27.505030 -5.573950
8.402143 -24.896030 -2.851950
5.016143 -24.615030 -1.081950
3.918143 -21.537031 0.893050
1.173143 -22.099030 3.533050
-0.751857 -19.599030 5.719050
-1.428857 -20.083031 9.422050
-4.429857 -22.193031 10.187051
-4.827857 -23.630030 6.609050
-5.433857 -27.349030 6.582050
-3.071857 -29.255030 4.301050
-2.513857 -32.990032 3.340050
0.093143 -34.896030 1.218050
-0.212857 -38.271030 -0.668950
2.654143 -40.083031 -2.255950
1.353143 -41.521030 -5.464950
4.844143 -42.302029 -6.729950
7.203143 -45.240032 -6.327950
9.863143 -43.333031 -4.401950
9.543144 -41.833031 -1.004950
8.152143 -38.365032 -0.982950
10.480143 -36.240032 1.199050
9.223143 -32.802029 2.150050
11.184144 -30.412031 4.375050
9.496143 -27.427031 6.105050
10.559144 -24.349030 8.020050
8.098143 -23.021030 10.625050
8.496143 -19.396030 11.430051
7.957143 -19.349030 15.164050
9.090144 -15.794030 15.687051
6.644143 -14.404031 13.117050
3.934144 -11.888030 14.109050
1.429143 -14.279031 12.586051
2.125143 -16.787031 15.313050
0.245143 -15.287030 18.250050
1.136143 -18.224030 20.500050
4.512143 -19.037031 22.016051
7.617143 -20.130030 20.109050
6.766143 -23.833031 20.047051
5.848143 -25.677031 16.984050
2.273143 -27.021030 17.453049
0.711143 -29.083031 14.781050
-3.118857 -29.380030 14.930051
-4.261857 -32.677029 13.477050
-7.729857 -33.052029 11.953050
-7.347857 -36.833031 11.711051
-5.187857 -39.552029 13.148050
-3.263857 -39.865032 16.375050
0.307143 -39.396030 17.391051
0.981143 -41.990032 20.000050
4.461143 -40.677029 20.656050
3.080143 -37.302029 21.375050
4.664143 -33.896030 20.953049
8.004143 -34.959030 22.344050
9.738143 -31.630030 21.609050
7.441143 -29.724030 23.922051
8.262144 -29.740030 27.609050
5.527143 -31.474030 29.625050
3.957143 -33.240032 26.734050
6.660143 -35.802029 26.172051
4.617143 -38.646030 27.406050
1.184143 -37.677029 26.266051
-0.323857 -38.959030 23.172051
-1.530857 -36.333031 20.797051
-5.026857 -36.771030 19.313050
-6.948857 -35.146030 16.531050
-9.019857 -32.052029 17.234050
-12.401857 -33.833031 16.922051
-11.425857 -36.052029 19.813050
-11.659856 -33.052029 22.109050
-15.370857 -32.677029 21.531050
-18.136857 -34.833031 22.891051
-19.464858 -37.302029 20.313050
-22.933857 -35.802029 20.734050
-21.745856 -32.459030 19.781050
-20.089858 -33.833031 16.703049
-23.183857 -35.833031 15.773050
-25.261857 -32.709030 15.914050
-22.714858 -30.568031 14.148050
-22.229857 -32.990032 11.242050
-25.870856 -34.365032 11.375050
-24.651856 -37.896030 11.578050
-25.167857 -40.740032 13.984050
-23.276856 -40.865032 17.281050
-21.433857 -43.959030 16.203050
-19.995856 -42.302029 13.211051
-19.151856 -39.333031 15.367050
-17.183857 -41.615032 17.625050
-15.284856 -42.927029 14.703050
-14.300857 -39.427029 13.719050
-12.440856 -39.146030 17.016051
-9.972857 -41.896030 15.930051
-9.628857 -43.115032 19.516051
-8.440856 -46.615032 18.531050
-6.374856 -45.583031 15.563050
-2.644857 -46.177029 16.180051
-1.408857 -45.927029 12.602050
0.007143 -42.490032 13.250050
-0.354857 -39.333031 11.187051
1.009143 -40.865032 7.922050
-1.212857 -43.802029 6.934050
-1.190857 -46.240032 4.123050
-4.087857 -45.927029 1.699050
-5.753857 -49.177029 1.080050
-6.972857 -49.459030 -2.536950
-7.229857 -46.865032 -5.171950
-6.815856 -43.302029 -4.233950
-9.276857 -41.709030 -6.792950
-9.222857 -38.021030 -6.073950
-10.440856 -35.677029 -8.772950
-7.323857 -34.146030 -10.280950
-6.198857 -32.959030 -13.694949
-3.829857 -35.177029 -15.686950
-0.045857 -34.427029 -15.749950
1.119143 -32.990032 -19.296951
2.584143 -36.365032 -20.390950
-0.453857 -38.271030 -19.296951
-3.499857 -37.083031 -21.265950
-6.003857 -37.740032 -18.718950
-9.573857 -36.083031 -19.249950
-10.729857 -34.615032 -16.077949
-13.120857 -31.224030 -15.671951
-12.120857 -28.005030 -13.538949
-14.995857 -25.521030 -11.960950
-15.511857 -21.365030 -11.710950
-15.628857 -17.771030 -9.796950
-14.722357 -17.755530 -8.021450
-13.815856 -17.740030 -6.245950
-10.979857 -17.052031 -8.507950
-8.534856 -14.318030 -7.733950
-7.651857 -14.904031 -4.186950
-9.003857 -18.427031 -4.440950
-6.815856 -19.224030 -7.436950
-3.743857 -17.740030 -5.862950
-0.532857 -19.583031 -6.585950
1.120143 -21.115030 -3.538950
3.689143 -23.396030 -5.218950
6.832143 -22.630030 -7.327950
9.473143 -24.990030 -8.569949
13.090144 -24.052031 -7.765950
14.855143 -27.099030 -9.194949
14.387144 -26.240030 -12.835950
17.723144 -24.802031 -13.952950
15.973144 -23.052031 -16.890950
14.652143 -20.662031 -14.405950
17.926143 -19.990030 -12.679950
18.801143 -16.380030 -11.694949
22.598144 -16.927031 -11.569949
24.316143 -19.302031 -13.968950
27.848144 -20.021030 -14.866949
28.598144 -22.787031 -17.233949
30.598144 -25.599030 -15.265950
30.238143 -24.068031 -11.944949
26.441143 -24.193031 -11.397950
23.316143 -22.083031 -10.858950
21.348144 -20.318031 -8.116949
17.535142 -19.818031 -8.124950
15.801143 -17.459030 -5.729950
12.082143 -17.396030 -4.663950
10.809144 -14.099031 -3.118950
7.648143 -11.943030 -3.019950
8.207143 -10.709030 -6.601950
7.965144 -14.388030 -7.765950
5.238143 -15.568030 -5.507950
2.957143 -12.857031 -3.940950
1.844143 -14.959030 -0.914950
5.434144 -14.677031 0.422050
4.762143 -11.005031 1.119050
2.334143 -12.107031 3.801050
4.387143 -15.037030 5.121050
7.551143 -12.865030 5.215050
9.613143 -15.810030 4.072050
11.723143 -16.537031 0.986050
13.910143 -19.365030 -0.356950
17.113143 -19.896030 -2.339950
18.066143 -23.115030 -4.269950
21.785142 -23.740030 -5.108950
23.457143 -26.287031 -7.300950
27.223144 -26.083031 -7.780950
29.770143 -28.459030 -9.171950
33.082143 -29.583031 -7.936950
35.582143 -26.677031 -7.358950
32.894144 -24.130030 -7.456950
32.488142 -21.646030 -4.655950
29.801143 -19.209030 -3.671950
31.535142 -15.935030 -2.858950
31.644144 -14.873031 0.807050
28.426143 -13.068030 1.523050
26.051143 -12.107031 4.391050
22.207143 -11.583031 4.563050
21.348144 -7.978030 5.367050
17.832143 -8.466030 6.699050
17.207143 -12.169030 7.250050
18.332143 -15.380031 8.852050
19.113143 -18.240030 6.504050
18.363143 -21.912031 7.219050
20.488143 -24.052031 4.953050
19.441143 -27.709030 4.283050
21.660142 -29.943031 2.161050
19.613143 -31.927031 -0.313950
22.551143 -33.583031 -2.153950
26.332143 -33.833031 -1.880950
28.879144 -32.209030 0.352050
30.457143 -28.865030 0.784050
32.926145 -27.068031 2.984050
31.254144 -24.146030 4.695050
32.738142 -21.349030 6.848050
30.598144 -18.912031 8.852050
31.957143 -15.763030 10.578050
30.129144 -13.959030 13.422050
30.113143 -10.271030 14.555051
33.363142 -10.732031 16.469050
35.207143 -11.771030 13.281050
35.457143 -15.365030 14.586051
35.051145 -18.365030 12.508051
32.207143 -20.037031 14.313050
31.770143 -22.865030 11.820050
34.332143 -24.552031 9.648050
33.332143 -27.896030 8.477050
31.894144 -30.177031 6.043050
28.129144 -30.271030 5.598050
26.473144 -33.271030 4.020050
23.144144 -34.427029 2.701050
20.394144 -34.271030 5.266050
22.129144 -31.833031 7.563050
20.832143 -28.443031 8.680051
22.816143 -25.209030 9.266050
21.207143 -21.943031 10.414050
23.144144 -18.771030 9.516050
22.066143 -15.693030 11.516050
21.504144 -12.240030 10.102050
24.754144 -10.419030 9.320050
26.957143 -13.529031 9.672050
29.160142 -13.974031 6.645050
29.238143 -17.380030 4.930050
31.223144 -19.037031 2.153050
30.426143 -22.443031 0.489050
32.770143 -24.537031 -1.479950
31.691143 -27.709030 -3.196950
33.832143 -30.709030 -2.292950
31.691143 -33.302029 -3.968950
30.879144 -33.615032 -7.663949
27.676143 -31.959030 -7.019950
26.566143 -29.959030 -4.093950
22.816143 -28.943031 -3.913950
21.129144 -27.162031 -1.090950
17.926143 -25.162031 -0.201950
18.020143 -22.083031 2.053050
14.910143 -20.740030 3.785050
15.160143 -17.052031 4.699050
13.035143 -15.201031 7.320050
12.176143 -12.224031 5.082050
9.988143 -12.083031 1.982050
12.684144 -10.177031 0.183050
15.973144 -11.248031 1.724050
18.941143 -9.146030 0.578050
22.473144 -10.583031 0.139050
25.723144 -8.529031 0.212050
28.863143 -10.115030 -1.260950
32.394144 -9.333031 -0.208950
33.988142 -9.990030 -3.565950
32.926145 -9.599031 -7.194950
31.535142 -6.912030 -9.522950
28.441143 -6.185030 -7.386950
30.254144 -6.544030 -4.038950
30.644144 -4.146030 -1.114950
34.394144 -3.753031 -1.731950
33.707143 -2.919030 -5.397950
31.535142 -0.037030 -4.226950
34.176145 1.402970 -1.860950
36.707143 4.052969 -2.966950
40.270143 2.761970 -3.464950
41.457143 5.025969 -0.632950
39.113142 3.447970 1.858050
40.270143 -0.095030 0.926050
44.051145 0.903970 0.851050
43.926145 2.640970 4.277050
41.644144 0.092970 5.879050
43.894144 -2.861030 5.059050
47.238142 -0.955030 4.863050
47.926145 -2.177030 1.295050
49.207143 -0.244030 -1.769950
46.863142 1.389970 -4.167950
47.801145 -1.216030 -6.765950
46.988142 -4.044030 -4.382950
43.770143 -2.363030 -3.442950
42.894144 -2.173030 -7.190950
43.394144 -5.904030 -7.522950
41.176145 -6.623031 -4.515950
38.551145 -4.314031 -5.917950
38.520143 -5.271030 -9.710950
40.051145 -8.771030 -10.155950
36.957143 -10.748031 -9.538949
34.426145 -10.029031 -12.296950
31.926145 -12.654031 -11.054950
28.894144 -11.669030 -9.093950
28.098144 -14.826031 -6.995950
29.973144 -18.005030 -8.233950
33.676145 -18.365030 -8.788949
36.176145 -21.130030 -9.413949
37.988142 -22.552031 -6.429950
40.613142 -25.099030 -7.718950
43.113142 -26.849030 -5.073950
43.207143 -28.943031 -1.935950
40.894144 -27.365030 0.273050
43.738142 -27.396030 3.658050
41.832143 -29.146030 6.605050
43.176145 -27.427031 9.805051
42.988142 -30.146030 12.680051
40.738142 -29.583031 15.703050
42.488142 -28.068031 18.891051
41.551145 -30.771030 21.656050
40.770143 -28.943031 25.031050
42.988142 -31.130030 27.719050
40.332143 -31.162031 30.359050
42.926145 -31.927031 33.500050
40.488142 -33.459030 36.156048
42.551145 -32.646030 39.375050
41.301145 -35.427029 41.844052
41.613142 -33.427029 45.125050
41.644144 -35.740032 48.156048
-8.722857 15.486970 -25.093950
-6.058857 13.626969 -26.812949
-6.593857 13.830970 -30.686950
-6.171857 10.783970 -32.749950
-2.378857 10.431970 -33.593952
-1.544857 13.314970 -31.390950
1.889143 11.822969 -30.780950
2.828143 11.259970 -34.374950
5.680143 13.728970 -34.218952
7.902143 13.986970 -37.249950
9.480143 17.119970 -36.062949
10.301143 18.556969 -32.718952
11.223143 22.228970 -32.062949
12.988143 24.150970 -29.390950
10.074143 26.166969 -28.124950
9.879143 29.728970 -26.874950
7.133143 31.384970 -24.827949
4.086143 32.228970 -26.905950
2.375143 34.603970 -24.436950
3.721143 37.166969 -22.030950
1.588143 38.634968 -19.265950
2.984143 41.884968 -17.968950
2.543143 42.947971 -14.335950
3.691143 45.790970 -12.077950
6.715143 44.009968 -10.741949
7.430143 41.259968 -13.241949
5.937143 39.134968 -15.921951
4.520143 35.634968 -16.530950
5.508143 33.822971 -19.718950
3.332143 30.931969 -20.936950
4.219143 28.353970 -23.640950
1.609143 27.103970 -26.124950
0.334143 23.916969 -24.655950
-1.181857 23.134970 -28.124950
2.223143 22.822969 -29.608949
2.389143 19.244970 -30.874950
5.207143 18.056969 -28.608949
3.621143 19.619970 -25.468950
0.170143 18.478970 -26.468950
1.548143 14.962970 -26.827949
3.221143 15.150969 -23.421951
-0.046857 16.572969 -21.936950
1.770143 19.275970 -19.983949
1.806143 23.087969 -19.843950
4.887143 25.134970 -19.108949
5.074143 28.572969 -17.390950
7.926143 30.884970 -16.327949
7.531143 33.509968 -13.593950
9.941143 36.416969 -13.585950
9.527143 38.447971 -10.366949
11.473143 41.666969 -9.929950
13.051143 42.759968 -6.663950
10.277143 43.416969 -4.046950
7.848143 41.759968 -6.315950
5.027143 39.603970 -4.804950
3.332143 37.009968 -6.870950
-0.105857 36.916969 -5.343950
-1.707857 33.728970 -3.819950
-3.050857 31.478970 -6.487950
-3.745857 27.759970 -7.104950
-4.272857 25.337969 -9.999950
-6.585857 22.353970 -10.499950
-3.554857 20.416969 -11.632950
-0.410857 19.103970 -9.952950
2.564143 21.290970 -10.413949
6.352143 20.884970 -10.116949
7.377143 22.525969 -10.081950
8.402143 24.166969 -10.046950
12.113143 24.916969 -10.296950
13.848143 28.056969 -9.124950
16.098144 28.806969 -12.077950
17.520143 32.103970 -10.788949
17.488143 34.228970 -7.694949
16.207143 33.884968 -4.108950
12.988143 34.666969 -2.280950
10.121143 33.603970 0.026050
7.359143 31.212969 -0.627950
4.219143 30.290970 1.315050
1.727143 27.478970 0.934050
-1.443857 27.181969 2.846050
-2.478857 23.681969 3.686050
-5.269857 22.431969 5.977050
-3.099857 22.744970 9.117050
-2.700857 25.119970 12.102050
-1.325523 27.275970 12.008051
-0.637857 28.353970 11.961051
0.470143 28.051970 12.513050
2.686143 27.447969 13.617050
4.586143 30.697969 12.789050
3.596143 33.134968 15.563050
4.941143 36.603970 16.578049
6.641143 36.759968 20.094050
4.086143 39.040970 21.609050
3.338143 37.822971 25.250050
-0.396857 37.853970 25.297051
-1.087857 38.790970 28.953049
-4.788857 38.009968 29.250050
-5.960857 41.259968 30.797051
-8.542857 40.166969 33.531048
-11.605856 40.822971 31.344050
-12.605856 37.759968 29.516051
-11.823857 39.134968 26.047051
-15.378857 38.166969 25.516051
-16.167857 41.322971 27.906050
-19.729857 42.134968 29.187051
-20.808857 45.447971 27.359050
-21.620856 47.572971 30.484050
-23.183356 48.713470 30.070050
-24.745856 49.853970 29.656050
-23.151856 53.103970 30.797051
-26.229857 55.572971 30.766051
-24.151856 58.509968 31.328049
-25.464858 62.166969 31.453049
-26.105856 65.228970 29.094050
-24.495856 67.978970 30.797051
-23.573857 71.478970 29.625050
-21.089858 73.916973 30.234050
-18.620856 76.540966 29.406050
-15.550857 78.290966 29.687051
-12.292857 79.916973 28.813050
-8.815856 80.853970 28.156050
-6.042857 80.353970 30.328049
-2.546857 80.728970 28.781050
-0.147857 79.728970 31.125050
3.539143 79.353970 30.375050
5.867143 77.416973 32.047051
8.707143 75.166973 32.469052
10.598143 72.666973 30.141051
11.379143 70.040966 32.656048
13.762144 67.416973 31.125050
11.691143 64.416973 32.078049
13.684144 61.072971 31.984050
12.004143 59.134968 29.172051
11.410143 55.822971 31.031050
11.754143 53.166969 28.313050
8.176143 51.884968 28.672051
8.699143 48.322971 27.625050
5.590143 48.634968 25.406050
4.137143 45.103970 25.844050
3.795143 44.603970 22.000050
0.192143 43.009968 21.391051
-0.555857 40.103970 19.203049
0.540143 40.916969 15.648050
0.258143 37.822971 13.336051
0.180143 34.040970 13.086051
0.408143 32.197971 9.758051
1.478143 28.869970 8.277050
5.070143 27.947969 7.355050
6.980143 30.416969 5.039050
10.020143 28.962969 3.227050
13.129143 30.556969 1.879050
13.691143 29.572969 -1.685950
16.832143 29.869970 -3.819950
18.270143 28.775970 -7.089950
18.004144 25.025970 -7.530950
14.973143 24.525970 -5.249950
12.387144 22.228970 -6.765950
8.902143 22.775970 -5.292950
6.102143 20.197969 -5.448950
2.525143 21.540970 -5.101950
-0.841857 19.681969 -4.839950
-3.948857 20.666969 -6.772950
-5.948857 23.400970 -5.097950
-3.171857 24.509970 -2.663950
-2.839857 28.275970 -2.520950
0.745143 29.431969 -3.024950
2.549143 32.884968 -3.183950
6.152143 34.009968 -3.987950
8.051143 37.197971 -2.853950
11.394144 38.259968 -4.206950
13.301143 39.634968 -1.295950
16.582143 39.572971 -3.204950
18.348144 41.978970 -5.534950
18.129144 39.790970 -8.601950
15.066143 38.697971 -10.405950
13.512144 35.603970 -9.030950
12.855143 33.259968 -11.991949
10.684144 30.244970 -11.343950
9.707143 27.728970 -14.038949
6.762143 25.322969 -13.585950
5.344143 22.290970 -15.351950
1.585143 21.744970 -15.030950
0.498143 18.181969 -15.522950
-2.687857 18.619970 -17.499950
-3.093857 14.955970 -18.343950
-2.929857 13.830970 -14.718950
-5.870857 12.040970 -13.069949
-5.765857 14.712970 -10.405950
-6.913857 17.290970 -12.929950
-10.597857 16.478970 -13.218950
-11.128857 19.431969 -15.655950
-10.065856 19.634970 -19.265950
-6.483857 19.884970 -20.499950
-6.237857 23.697969 -20.171951
-4.116857 25.369970 -17.655950
-6.417857 27.447969 -15.351950
-4.929857 29.525970 -12.632950
-7.343857 30.572969 -9.819949
-6.292857 33.884968 -8.312949
-7.206857 34.759968 -4.718950
-6.038857 38.384968 -5.249950
-5.218857 40.728970 -8.108950
-6.468857 41.009968 -11.647950
-5.112857 39.884968 -14.968950
-6.167857 42.540970 -17.390950
-4.788857 40.603970 -20.343950
-6.866857 37.666969 -19.436950
-6.253857 33.978970 -20.077949
-5.030857 34.509968 -23.608949
-4.067857 30.837969 -24.155950
-7.597857 29.634970 -23.702949
-9.894857 29.837969 -26.718950
-12.761857 32.290970 -26.046951
-11.167857 34.040970 -23.171951
-8.558857 35.947971 -25.108949
-10.190856 39.290970 -24.624950
-11.644857 38.916969 -21.171951
-9.964857 40.166969 -18.155950
-9.409856 37.634968 -15.460950
-10.362856 38.603970 -11.851950
-9.769857 37.103970 -8.460950
-12.206856 34.572971 -7.069950
-13.722857 36.947971 -4.452950
-14.839857 39.197971 -7.272950
-17.339858 36.540970 -8.327950
-19.261857 36.884968 -5.058950
-21.573857 39.697971 -4.042950
-19.901856 42.134968 -1.626950
-22.698857 41.416969 0.910050
-21.886857 37.822971 0.904050
-18.261857 38.509968 1.501050
-19.073857 41.009968 4.258050
-21.089858 38.384968 6.055050
-18.605856 35.603970 5.434050
-15.597857 37.666969 6.723050
-17.698857 39.697971 9.313050
-16.339858 43.009968 7.863050
-17.995856 46.103970 6.402050
-19.308857 46.072971 2.822050
-16.714858 48.697971 1.797050
-13.870857 46.478970 2.803050
-15.589857 43.572971 1.107050
-15.651857 45.603970 -2.065950
-11.940856 46.228970 -1.778950
-11.300857 42.478970 -1.546950
-12.745857 42.166969 -5.022950
-9.815856 44.228970 -6.468950
-12.105856 45.666969 -9.179950
-9.940856 48.790970 -9.788949
-6.597857 47.103970 -9.335950
-4.659857 46.978970 -12.608950
-1.180857 46.166969 -11.233950
-1.554857 42.540970 -12.366949
-0.820857 39.353970 -10.483950
2.801143 40.290970 -9.562949
2.770143 43.540970 -7.522950
5.410143 45.634968 -5.944950
5.422143 45.666969 -2.173950
5.508143 49.134968 -0.838950
7.578143 49.290970 2.361050
8.894144 46.572971 4.488050
7.719143 43.072971 3.969050
7.832143 41.790970 7.629050
6.570143 38.228970 7.500050
7.383143 35.947971 10.391050
10.144144 33.697971 9.102050
13.215144 32.040970 10.539050
16.644144 33.509968 9.813050
18.894144 31.978970 7.047050
22.020143 29.978970 8.516050
24.457143 32.884968 7.867050
22.144144 35.416969 9.359050
21.520143 34.603970 13.016050
18.207143 35.947971 13.250050
16.113143 34.947971 16.484050
12.707143 34.009968 15.422050
10.238143 31.244970 17.328049
8.629143 28.072969 15.531050
5.258143 26.353970 17.047051
3.586143 22.525970 17.500050
1.511143 19.072969 16.609050
0.702643 19.127469 14.800550
-0.105857 19.181969 12.992050
3.258143 17.806969 12.328050
3.580143 14.767969 10.187051
1.515143 15.509970 7.215050
1.569143 19.212969 8.117050
5.371143 19.290970 8.277050
5.762143 17.369970 5.070050
8.644144 18.462969 2.916050
7.652143 19.900970 -0.441950
10.973143 21.462969 -1.533950
14.355143 19.900970 -2.513950
17.394144 21.572969 -3.933950
18.848144 20.009970 -7.101950
21.598144 22.494970 -7.819949
23.910142 21.400970 -5.050950
26.551143 19.228970 -6.722950
27.348144 17.619970 -3.343950
24.191143 15.775969 -3.694950
24.770143 14.626969 -7.229950
23.848144 11.033970 -8.179950
26.176143 10.806970 -11.194949
29.566143 12.540970 -11.186950
32.551145 12.470969 -13.366949
35.332143 14.814970 -12.702950
35.676145 17.400970 -15.671951
32.613142 16.228970 -17.436950
29.879144 17.166969 -14.936950
27.113143 15.759970 -12.718950
23.457143 14.689970 -12.804950
21.020143 14.962970 -9.858950
17.660142 13.236970 -9.843950
14.543144 14.017969 -7.694949
11.941143 11.205970 -7.413950
9.480143 9.728970 -4.882950
12.285143 8.080970 -2.892950
13.754143 11.595969 -2.288950
10.590144 13.501969 -1.792950
7.453143 11.470969 -0.830950
4.879143 14.033970 -2.087950
6.020143 13.173969 -5.644950
4.332143 9.775969 -5.253950
0.991143 11.580970 -5.280950
1.865143 14.166969 -7.921950
3.299143 11.416969 -10.155950
6.043143 13.767969 -11.280950
9.840144 13.767969 -10.983950
12.777143 15.978970 -12.038949
16.379144 15.658970 -13.249950
19.066143 18.431969 -13.054950
22.113143 18.228970 -15.390950
25.332143 20.181969 -15.491949
27.988143 19.181969 -18.015950
31.066143 20.869970 -19.296951
32.426145 21.400970 -22.718950
32.988142 18.119970 -24.733949
30.863143 16.181969 -22.374950
27.988143 14.080970 -23.624950
25.098144 12.361970 -21.999950
24.879144 8.892969 -23.546951
21.957143 8.158970 -25.890950
19.051143 7.115970 -23.702949
15.215144 6.923970 -23.655950
12.605143 7.189970 -20.780950
10.738143 3.921970 -20.327949
7.648143 5.228970 -18.546951
7.590143 9.017969 -18.765950
7.703143 12.080970 -20.952949
10.551143 14.470969 -20.312949
10.270143 18.290970 -20.546951
13.754143 19.728970 -20.905950
14.348143 23.462969 -20.077949
17.770143 24.978970 -20.562949
18.770143 27.087969 -17.608949
22.301143 27.978970 -18.827949
24.473144 27.509970 -21.890950
24.035142 25.603970 -25.108949
24.035142 22.056969 -26.265950
23.535142 20.025970 -29.405950
20.613143 17.650970 -28.952949
19.332143 14.853970 -31.202949
16.004144 13.064970 -30.624950
14.894144 9.884970 -32.499950
11.223143 8.759970 -32.749950
9.621143 5.259970 -33.093952
10.262144 5.232970 -36.874950
14.027143 5.576970 -36.280948
13.910143 9.158970 -37.686950
15.848144 11.955970 -36.312949
13.027143 14.314970 -35.436950
15.262144 17.009970 -33.812949
18.801143 17.853970 -34.530948
19.754144 21.244970 -33.343952
21.176143 23.525970 -30.874950
19.223144 24.353970 -27.718950
19.988143 27.447969 -25.718950
19.144144 29.103970 -22.452949
15.465144 29.759970 -22.015950
14.324143 27.244970 -24.562949
11.996143 24.290970 -23.983949
12.129143 20.790970 -25.562949
9.605143 18.040970 -24.780950
10.855143 14.478970 -25.374950
8.051143 11.876969 -25.546951
8.066143 8.486970 -23.874950
10.301143 5.994969 -25.671951
12.027143 8.611970 -27.874950
15.785143 8.314970 -27.640950
17.816143 11.486970 -26.921951
21.504144 12.416969 -26.796951
22.957143 15.751969 -25.452949
26.332143 17.150970 -26.155950
27.598144 20.322969 -24.530950
28.816143 22.884970 -27.030950
29.285142 25.697969 -24.562949
31.676143 25.822969 -21.608949
28.863143 24.884970 -19.468950
25.551143 23.416969 -20.202949
22.894144 23.212969 -17.452949
19.348144 22.072969 -17.796951
16.316143 20.837969 -15.749950
14.027143 18.025970 -16.983949
10.535143 17.509970 -15.601950
9.246143 13.939970 -16.046951
5.574143 12.798969 -15.936950
6.148143 9.861970 -13.546950
7.125144 9.861970 -9.890950
9.762144 7.283969 -10.601950
10.832143 7.833970 -14.179950
13.113143 5.068970 -15.499950
15.910142 5.744969 -18.046951
17.457143 3.099970 -20.374950
20.848144 3.884969 -21.968950
22.082143 2.509969 -25.265950
25.754144 2.527970 -24.374950
27.785142 2.003970 -21.202949
28.160142 -0.565030 -18.405950
24.488143 -0.429030 -17.343950
23.129144 -0.123030 -20.905950
20.660142 -2.275030 -22.843950
23.363143 -3.460030 -25.265950
25.551143 -4.482030 -22.312949
22.754144 -6.744030 -21.140950
22.301143 -8.466030 -24.530950
24.160142 -11.669030 -25.499950
27.004144 -11.169030 -28.015950
25.129144 -13.349031 -30.515950
22.098144 -11.099031 -30.468950
24.254144 -7.982030 -31.124950
26.426143 -9.716030 -33.843952
23.410142 -11.052031 -35.780948
21.285142 -7.966031 -35.343952
23.894144 -5.623031 -36.812949
25.707143 -8.162030 -39.030948
29.113143 -7.447031 -37.405948
31.832143 -9.873031 -36.186950
31.894144 -11.232031 -32.749950
34.957143 -9.107031 -31.999950
33.207143 -5.974031 -33.155948
30.191143 -6.896030 -31.202949
32.457143 -7.251030 -28.093950
33.770143 -3.718030 -28.593950
30.254144 -2.314030 -28.921951
29.238143 -4.162030 -25.812949
32.301145 -3.587030 -23.436950
34.270143 -0.497030 -24.624950
32.270143 2.101969 -22.843950
32.676145 1.642970 -19.108949
30.723144 4.837970 -18.218950
27.160142 4.677969 -17.077949
25.707143 8.111970 -18.140950
28.426143 10.712970 -19.046951
31.223144 10.267969 -21.546951
33.801145 12.400969 -23.327949
32.926145 13.712970 -26.765950
36.020143 15.556970 -28.202949
35.863142 17.056969 -31.936950
33.926145 19.400970 -34.249950
30.129144 18.822969 -34.312949
29.707143 18.416969 -38.155948
26.676143 20.728970 -38.686950
24.816143 19.119970 -41.655948
23.020143 22.228970 -43.436950
19.223144 22.228970 -43.655948
17.832143 21.462969 -47.343952
15.676143 24.728970 -48.062949
12.340144 23.603970 -49.843952
12.223143 25.931969 -53.155948
8.582143 27.369970 -53.062949
8.324143 27.712969 -56.968952
5.191143 30.056969 -57.155948
3.887143 28.931969 -60.593952
1.977143 32.197971 -61.593952
-0.666857 30.525970 -63.874950
-1.753857 33.166969 -66.436946
14.098143 -9.833031 25.687051
11.863143 -7.505031 27.422051
11.754143 -8.380031 31.250050
8.535143 -8.396030 33.063050
7.793143 -4.720030 34.187051
10.785143 -3.468030 32.328049
9.059144 -0.124030 31.891051
8.121143 0.435970 35.469052
10.332143 3.470970 35.781048
10.160143 5.419970 39.031048
13.223143 7.341969 38.250050
14.871143 8.556970 35.125050
18.473144 9.837970 34.906048
20.457143 11.994969 32.594052
22.816143 9.376969 31.281050
26.473144 9.572969 30.359050
28.551143 7.169970 28.234050
29.473144 4.017970 30.109050
32.176145 2.732970 27.750050
34.832143 4.486969 25.734050
36.707143 2.738970 22.937051
39.894144 4.509970 22.063050
41.270143 4.474969 18.531050
44.176145 6.060969 16.641051
42.270143 9.048969 15.414050
39.270143 9.314970 17.687051
37.051145 7.404970 20.016051
33.676145 5.658969 20.203049
31.520143 6.216969 23.281050
28.754144 3.712970 24.031050
25.879144 4.146970 26.547051
24.644144 1.227970 28.656050
21.738143 -0.162030 26.797051
20.801143 -2.039030 30.047051
20.051143 1.184970 31.766051
16.379144 0.950970 32.719052
15.152143 3.873970 30.609050
17.113143 2.703969 27.500050
16.176143 -0.904030 28.078049
12.535143 0.163970 28.250050
12.871143 2.132970 25.016051
14.691143 -0.871030 23.406050
17.379144 1.332970 21.844050
21.160142 1.680970 22.063050
22.988143 4.978970 21.797051
26.535142 5.576970 20.422051
28.676143 8.697969 19.844050
31.551143 8.751969 17.344050
34.207143 11.384970 17.813050
36.551145 11.416969 14.766050
39.613142 13.666969 14.789050
40.832143 15.634970 11.805051
41.957143 13.166969 9.023050
40.332143 10.408970 10.906050
38.551145 7.564970 8.977050
35.957143 5.498970 10.633051
36.301145 2.216969 8.813050
33.394144 0.515970 6.859050
31.051143 -1.237030 9.180051
27.363143 -2.289030 9.359050
24.770143 -3.255030 12.008051
21.957143 -5.830030 12.016050
19.660142 -3.080030 13.227050
18.238143 0.087970 11.703050
20.113143 3.177969 12.625050
19.426143 6.931970 12.609050
20.965144 8.072470 12.808551
22.504144 9.212970 13.008051
22.910142 12.955970 13.656050
25.988143 15.025969 12.945050
26.270143 17.056969 16.133051
29.535142 18.853970 15.281050
31.926145 19.275970 12.398050
31.988142 18.306969 8.703050
33.207143 15.314970 6.695050
32.551145 12.603970 4.049050
30.394144 9.611970 4.242050
29.910142 6.599969 1.947050
27.285142 3.869970 1.884050
27.426143 0.877970 -0.325950
24.113143 -0.344030 -1.583950
23.301143 -2.990031 -4.210950
23.723144 -0.526030 -7.120950
26.285142 0.315970 -9.819949
28.295810 1.850636 -9.413950
29.301143 2.617970 -9.210950
28.952143 3.747303 -9.695283
28.254144 6.005970 -10.663949
31.238143 8.095969 -9.358950
33.957143 7.540969 -11.976950
37.394144 9.212970 -12.554950
37.707143 11.251969 -15.874950
40.363142 9.064970 -17.374950
39.551145 8.533970 -21.186950
39.894144 4.830970 -21.483949
41.207143 4.533969 -25.108949
40.707143 0.835970 -25.780950
44.238142 0.073970 -27.124950
43.582143 -2.291030 -30.186950
44.426145 -5.490030 -28.249950
41.363142 -6.966031 -26.812949
42.426145 -6.412030 -23.171951
41.863142 -10.091030 -23.046951
45.332143 -10.396030 -25.155950
46.863142 -13.763030 -26.530950
50.176145 -14.599031 -24.390950
52.801145 -15.107031 -27.249950
54.144643 -16.509531 -26.710950
55.488142 -17.912031 -26.171951
58.707143 -15.966030 -26.890950
61.613142 -18.630030 -26.733949
65.394140 -18.537031 -25.515950
67.770147 -16.880030 -27.608949
71.520147 -16.943031 -26.077949
73.582143 -14.646030 -27.796951
77.020147 -13.154031 -27.140950
79.520147 -10.638030 -26.124950
80.957143 -8.044030 -27.702949
82.457143 -4.837030 -28.030950
83.270147 -1.443030 -28.249950
84.144140 1.984970 -27.718950
84.332143 5.466969 -27.218950
83.832143 8.830970 -27.499950
81.770147 11.626969 -28.140950
81.144140 14.744969 -26.171951
79.394140 17.775970 -25.530950
76.520147 19.540970 -26.718950
74.270147 21.384970 -24.155950
71.082143 21.712969 -26.093950
68.394140 23.353970 -23.858949
65.520147 20.744970 -24.249950
62.082143 22.447969 -24.405950
60.144144 20.353970 -21.780950
57.051145 19.509970 -23.921951
54.082143 19.119970 -21.468950
53.301145 15.455970 -22.343950
49.520143 15.353970 -21.733949
49.988142 11.978970 -19.874950
46.707143 10.212970 -20.874950
45.863142 9.353970 -17.155950
44.582143 5.572969 -17.077949
41.551145 4.341969 -15.265950
41.988142 5.134970 -11.601950
38.770143 4.396970 -9.616949
34.988142 4.001969 -9.733950
32.863142 3.763970 -6.569950
29.332143 4.443970 -5.315950
28.020143 7.845970 -4.186950
30.113143 9.728970 -1.483950
28.254144 12.470969 0.419050
29.457143 15.556970 2.190050
28.144144 15.705970 5.680050
27.973144 18.650970 8.078050
26.504144 19.837969 11.180051
22.738143 19.119970 11.445050
22.691143 16.228970 8.883051
20.520143 13.353970 9.953050
21.488143 10.048969 8.242050
19.144144 7.072969 7.910050
20.816143 3.648970 7.379050
19.285142 0.192970 6.641050
20.363143 -3.000031 8.375050
23.379144 -4.630031 6.816050
24.473144 -1.567030 4.730050
28.191143 -0.914030 4.977050
28.973144 2.701970 5.895050
32.238142 4.748970 6.531050
32.988142 8.345969 7.750050
36.082143 10.611970 7.059050
36.738142 13.869969 8.789050
38.176145 16.150970 6.211050
37.676145 19.228970 8.367050
39.707143 20.916969 11.047050
37.301145 20.259970 13.883051
36.332143 16.931969 15.281050
33.488142 15.267969 13.516050
30.973144 14.173969 16.195050
28.223144 11.822969 15.070050
25.598144 10.431970 17.437051
23.488143 7.341969 16.516051
20.457143 5.564970 17.844050
20.270143 1.808970 17.156050
16.770143 0.406970 17.219050
17.301143 -2.914030 18.953049
13.644144 -3.685030 19.437051
12.801143 -3.267030 15.742050
11.418144 -6.177031 13.672050
14.285143 -5.611031 11.281050
16.723144 -6.779030 13.906050
16.223144 -10.529031 13.805051
18.988143 -11.052031 16.453049
18.816143 -10.310030 20.172051
18.644144 -6.853030 21.719050
22.410142 -6.275031 21.750050
24.144144 -3.810030 19.594050
26.598144 -5.724031 17.313050
28.738143 -3.824030 14.945050
30.238143 -5.876030 12.055051
33.582143 -4.427031 10.953050
34.832143 -4.939031 7.371050
38.270143 -3.535030 8.336050
40.301145 -2.802030 11.453050
40.363142 -4.353030 14.891050
38.894144 -3.404030 18.203049
41.394144 -4.459031 20.766051
39.113142 -3.544030 23.641051
36.457143 -5.744030 22.266051
32.676145 -5.470030 22.609050
32.801145 -4.544030 26.266051
29.035142 -3.923030 26.563050
28.191143 -7.498031 25.703049
28.332143 -10.044030 28.500050
31.035142 -12.630031 27.828049
32.894144 -10.654031 25.266051
34.426145 -8.099031 27.594050
37.926145 -9.412030 27.266051
37.926145 -10.560030 23.687051
39.301145 -8.513030 20.969050
36.957143 -7.896030 18.109050
38.301145 -8.435030 14.531050
37.082143 -7.650031 11.078050
34.863142 -10.146030 9.258051
37.582143 -11.201031 6.758050
39.676145 -12.404031 9.664050
37.176145 -15.201031 10.258051
37.957143 -16.787031 6.879050
41.051145 -18.755030 5.930050
43.520143 -16.677031 3.881050
43.270143 -19.271030 1.063050
39.613142 -18.755030 0.817050
40.020143 -15.044030 0.597050
42.801145 -15.404031 -1.985950
40.488142 -17.443031 -4.183950
37.488142 -15.224031 -3.610950
39.363142 -11.966030 -4.452950
41.801145 -13.662030 -7.026950
44.832143 -12.185030 -5.159950
47.926145 -13.709030 -3.569950
47.770143 -15.349031 -0.144950
50.020143 -12.646030 1.330050
47.644144 -9.904031 0.395050
44.770143 -12.037030 1.668050
46.551145 -12.224031 4.988050
46.863142 -8.459030 5.090050
43.082143 -8.107031 4.566050
42.613142 -9.896030 7.883050
44.301145 -6.947031 9.750050
45.738142 -9.373031 12.359050
48.582143 -7.021030 13.430051
46.644144 -3.798030 13.133051
46.082143 -2.212030 16.531050
45.082143 1.248970 15.367050
41.457143 0.595970 16.195050
38.394144 1.236970 14.070050
39.051145 4.982970 13.563050
42.426145 5.380970 11.820050
44.426145 8.322969 10.687051
44.770143 8.681970 6.930050
48.301145 9.150969 5.918050
48.551145 11.509970 2.932050
45.957143 12.830970 0.707050
42.551145 11.353970 0.821050
41.551145 11.705970 -2.940950
38.144144 10.126969 -3.229950
36.020143 11.025969 -6.237950
33.457143 13.494969 -4.940950
31.644144 16.540970 -6.272950
32.738142 19.994970 -5.108950
30.848144 21.900970 -2.368950
28.816143 25.056969 -3.851950
31.332143 27.744970 -2.645950
34.332143 25.947969 -4.081950
34.207143 25.775970 -7.960950
34.707143 21.978970 -8.226950
35.520143 20.400970 -11.288949
34.707143 16.837969 -10.671950
32.457143 14.353970 -13.140950
29.270143 12.290970 -11.819949
27.894144 8.939970 -13.749950
24.098144 7.404970 -14.749950
20.941143 4.724969 -14.530950
20.777143 3.759969 -12.780950
20.613143 2.794970 -11.030950
18.473144 5.775969 -10.296950
15.246143 5.533969 -8.382950
15.957143 3.289970 -5.522950
19.691143 3.730970 -6.046950
19.488143 7.533969 -5.878950
17.301143 7.505970 -2.823950
17.941143 10.244969 -0.336950
19.160142 9.056970 3.037050
20.316143 12.376969 4.563050
18.394144 15.533970 5.656050
19.644144 18.540970 7.500050
17.723144 19.540970 10.617050
19.879144 22.416969 11.805051
18.801143 24.884970 9.148050
16.285142 27.150970 10.836051
14.910143 28.134970 7.398050
13.340144 24.806969 7.316050
11.848143 24.962969 10.766050
8.285143 23.681969 11.289050
7.617143 25.728970 14.469050
9.059144 29.212969 14.898050
8.559144 32.009968 17.297051
10.730143 35.040970 16.937051
12.777143 35.197971 20.437051
11.855143 31.931969 21.734050
13.246143 29.525970 19.078049
12.316143 26.869970 16.500050
11.559144 23.166969 16.164050
12.301143 21.040970 13.070050
10.879143 17.572969 12.609050
12.074143 14.736970 10.289050
9.551143 11.970969 9.523050
8.512144 9.634970 6.656050
6.797143 12.478970 4.762050
10.199143 14.283970 4.645050
12.410143 11.337970 4.045050
10.754143 8.150969 2.621050
13.402143 5.677969 3.912050
12.144144 6.416970 7.449050
8.965144 4.517970 6.590050
11.027143 1.367970 6.480050
13.316143 2.171970 9.437051
10.277143 3.173969 11.539050
12.285143 5.974969 13.102050
11.980143 9.767969 13.109050
13.824143 12.751969 14.625050
13.105143 16.181969 16.102050
15.629143 19.072969 16.375050
14.965144 21.884970 18.937051
16.598144 25.212969 19.500050
15.168144 27.525970 22.156050
16.473144 30.619970 23.828049
16.613143 31.666969 27.391051
13.144144 31.775970 29.156050
11.598143 29.744970 26.437051
9.668144 26.619970 27.234050
8.324143 23.744970 25.203049
4.777143 23.166969 26.406050
4.105143 19.978970 28.406050
3.506143 17.197969 25.906050
3.650143 13.392969 25.500050
4.379143 11.087970 22.469050
1.335143 9.025969 21.547051
3.049143 6.228970 19.641051
6.793143 6.435969 20.203049
9.637144 6.580970 22.672051
11.824143 9.650969 22.500050
15.605143 9.642969 23.063050
16.738143 13.173969 23.844050
20.426143 14.126969 23.375050
21.613143 17.619970 24.313050
23.863143 19.040970 21.656050
24.316143 22.540970 23.250050
23.410142 24.369970 26.437051
21.301143 23.478970 29.406050
17.691143 23.087969 30.250050
15.449143 22.134970 33.125050
13.394144 19.072969 32.203049
10.527143 17.384970 34.063050
9.098143 13.994969 33.063050
5.875144 12.478970 34.531048
5.043143 8.728970 34.375050
1.692143 6.830970 34.281048
1.301143 7.126969 38.031048
1.370143 10.939970 37.844052
4.812143 10.970969 39.531048
7.555143 13.212970 38.563050
10.215144 10.697969 37.719052
12.754143 13.236970 36.500050
13.285143 16.790970 37.563050
16.644144 18.103970 36.813050
19.004144 19.916969 34.687051
20.254144 18.322969 31.484050
23.441143 19.525970 29.875050
25.410142 19.134970 26.703049
26.426143 15.572969 25.984050
23.816143 13.994969 28.203049
21.144144 11.501969 27.156050
17.535142 11.220969 28.422051
15.082143 8.572969 27.172051
11.387144 9.478970 27.547051
9.035143 6.482970 27.250050
5.812143 6.388969 25.266051
2.977143 8.251969 27.016051
5.230143 9.978970 29.578049
4.644143 13.705970 29.641051
7.660143 16.025970 29.391051
8.301143 19.759970 29.672051
11.605143 21.587969 28.766051
12.644144 24.978970 29.891051
15.809144 26.619970 28.656050
18.035142 27.822969 31.500050
20.973144 28.728970 29.344050
21.160142 31.369970 26.625050
20.660142 28.712969 24.156050
19.457143 25.244970 24.547051
19.691143 22.853970 21.484050
18.832143 19.212969 21.453049
18.035142 16.275970 19.047051
15.340144 13.697969 19.828049
15.238143 10.306970 18.109050
11.777143 8.728970 18.109050
10.973143 4.994969 17.578049
8.207143 5.552969 14.984050
8.418144 6.845970 11.437051
5.586143 9.220969 12.133051
5.738143 9.986970 15.836051
2.684143 11.923969 17.063050
2.889143 14.517969 19.891051
-0.067857 15.626969 22.109050
0.276143 18.900970 24.031050
-1.462857 19.712969 27.297051
-1.689857 23.447969 26.703049
-2.122857 25.712969 23.687051
-4.464857 26.150970 20.719050
-3.942857 22.603970 19.375050
-3.813857 20.947969 22.813050
-5.897857 18.150970 24.328049
-7.491857 20.525970 26.875050
-8.456856 22.900970 24.031050
-10.370857 20.056969 22.406050
-12.323857 19.134970 25.578049
-15.737856 20.681969 26.391051
-15.714857 23.322969 29.172051
-17.917857 21.040970 31.297051
-15.425857 18.197969 31.219050
-12.550857 20.525970 32.344050
-14.690856 22.322969 35.031048
-15.917857 19.009970 36.594052
-12.659856 17.166969 36.250050
-10.659856 19.806969 38.125050
-13.534856 21.228970 40.281048
-12.979857 24.822969 39.000050
-15.519857 27.447969 37.844052
-16.573857 27.712969 34.281048
-14.683857 30.978970 34.031048
-11.511857 29.384970 35.344052
-11.987856 26.494970 33.000050
-12.261857 29.009970 30.094050
-8.917857 30.525970 31.031050
-7.257857 27.119970 31.187051
-8.737856 26.259970 27.844050
-8.222857 29.572969 25.813050
-5.429857 31.650970 27.437051
-2.546857 30.040970 25.719050
-2.708857 30.728970 22.016051
0.687143 29.119970 21.266051
0.929143 25.650970 19.828049
4.375144 24.384970 21.031050
6.660143 27.212969 22.422051
5.770143 29.728970 25.109050
7.523143 32.290970 27.281050
8.598143 31.197969 30.734050
10.012144 34.290970 32.563050
11.121143 34.009968 36.469052
13.379143 32.166969 38.875050
13.074143 28.384970 38.594052
12.465144 27.587969 42.313050
15.051143 24.775970 42.625050
13.394144 22.509970 45.250050
16.566143 20.900970 46.937051
16.738143 17.119970 46.937051
15.457143 15.689970 50.313050
18.816143 13.962970 51.500050
17.785142 10.423969 52.656048
19.957143 10.189970 55.937051
21.676143 6.790969 55.500050
22.191143 6.044970 59.250050
25.051143 3.482970 58.750050
24.363143 1.348970 61.844052
27.973144 -0.074030 62.344052
27.035142 -3.511030 63.656048
30.176143 -5.056030 65.125050
