P2_tot coordinates (x, y, z)
-16.496538 16.494482 -29.676311
-16.451631 13.121976 -28.111691
-18.489895 11.167487 -30.718941
-21.683027 10.115708 -29.100381
-21.446092 6.276793 -28.517222
-17.707277 6.074629 -29.033004
-17.571484 2.282321 -28.615078
-20.354054 1.254558 -31.141818
-20.726230 -2.190823 -29.657740
-24.052969 -3.186832 -31.248696
-22.283778 -5.646924 -33.426875
-19.291320 -7.751654 -32.723506
-17.230176 -9.782418 -35.262415
-14.646200 -12.468558 -35.177180
-11.629348 -10.569059 -36.393555
-8.727343 -11.571791 -38.616606
-5.325650 -9.927164 -39.039773
-5.431301 -6.791856 -41.147454
-1.667752 -6.336191 -41.778068
1.046889 -8.829180 -42.405765
4.722038 -7.868961 -42.150684
6.956234 -10.291659 -43.874129
10.537389 -10.923008 -42.735967
13.376592 -13.315321 -43.655684
12.516760 -15.997585 -41.193897
8.920644 -15.355719 -40.280480
6.165399 -12.835042 -40.225908
4.273048 -10.480768 -37.917495
0.506547 -10.183947 -38.170748
-1.285634 -7.125923 -36.744903
-5.061099 -6.730937 -36.146665
-6.866860 -3.455744 -36.758689
-6.922666 -1.700688 -33.465412
-9.497975 0.769225 -34.958346
-12.067215 -1.922759 -35.131582
-14.810001 -0.852974 -32.723720
-14.513476 -3.792420 -30.339138
-10.689833 -3.446983 -30.048193
-10.818924 0.330903 -30.079501
-13.248390 0.267359 -27.213333
-11.180323 -2.236823 -25.285160
-8.162490 0.047488 -25.854338
-5.871498 -2.833082 -26.862569
-3.891927 -3.895150 -29.931190
-3.348053 -7.507690 -30.874419
-0.248167 -8.945010 -32.599416
0.860457 -12.461569 -33.634339
4.525236 -13.370902 -34.202888
5.257771 -16.400879 -36.350199
8.992988 -17.234522 -36.171711
10.379407 -20.040267 -38.350578
12.943278 -22.549450 -37.196883
16.294126 -20.711200 -36.494451
14.475218 -17.493813 -36.697997
15.490896 -14.593531 -34.386103
13.086906 -11.863104 -33.594226
15.428704 -8.981769 -32.959924
15.433831 -6.862457 -29.720548
12.577817 -4.453630 -29.656723
10.455075 -2.633232 -27.041883
7.064945 -0.843942 -26.830574
5.858672 2.248511 -24.985488
2.964532 0.100117 -23.781182
2.597289 -2.814253 -21.369917
2.502204 -6.109805 -23.128284
1.817973 -7.843844 -22.659060
1.133742 -9.577883 -22.189837
2.148125 -12.478297 -24.542869
1.089413 -16.115280 -24.884924
3.122633 -18.824451 -26.609825
0.455398 -20.518467 -28.705053
2.743162 -22.990564 -30.462029
6.314520 -24.189404 -30.363731
9.372624 -23.630633 -28.157858
12.316020 -21.226038 -28.068390
14.496875 -18.719613 -26.165341
13.634644 -15.345420 -24.928559
15.660034 -12.526280 -23.394116
14.618554 -9.403834 -21.545953
17.132713 -6.770861 -20.717297
16.619197 -4.409219 -17.826299
19.296956 -1.745590 -17.742059
20.886255 -1.371164 -14.271678
20.798005 -3.240443 -13.886906
20.709755 -5.109721 -13.502133
23.891475 -7.154696 -13.513080
24.800868 -9.697505 -16.266261
24.498912 -12.842626 -14.100308
24.927539 -15.325186 -17.012332
28.703539 -15.569365 -17.532818
30.946263 -17.985819 -19.624602
33.759244 -20.002916 -17.859391
37.275587 -18.608357 -18.206044
38.994884 -20.765390 -20.924606
42.014963 -21.892591 -18.814783
44.592773 -22.720061 -21.492112
46.388343 -25.944570 -20.002816
50.134074 -25.308559 -19.757933
52.047271 -28.256272 -21.774027
53.905229 -30.314172 -19.244781
56.385984 -32.699168 -21.194068
55.333578 -36.209303 -20.421192
58.626937 -38.188090 -21.280747
56.996373 -41.466735 -21.980768
59.670163 -43.956672 -23.917717
58.826854 -45.240248 -24.824505
57.983545 -46.523824 -25.731293
59.142214 -48.183948 -29.135013
57.110076 -49.339906 -31.717043
57.883886 -49.813622 -35.528864
55.549686 -49.515648 -38.057109
56.184158 -49.325080 -41.790269
55.555249 -48.260017 -45.086053
54.431132 -46.581855 -47.943759
54.879766 -44.608697 -51.043865
53.671161 -42.035090 -52.986103
54.873809 -39.549397 -55.584174
53.659820 -36.429263 -56.499589
55.271027 -33.697312 -58.392045
56.480622 -30.444887 -59.277031
56.405904 -26.959508 -59.690431
58.386405 -23.742639 -59.234420
57.118215 -20.519561 -58.765265
58.577721 -17.263349 -57.639831
60.355780 -15.241922 -54.956389
59.794670 -12.133164 -53.359588
60.679273 -10.641064 -49.837925
57.883455 -11.068060 -47.254385
58.959763 -8.506638 -44.613355
59.010713 -9.611067 -40.830164
55.764218 -8.355197 -39.426403
56.481378 -8.355864 -35.550803
53.922937 -10.728046 -33.847198
52.804040 -8.498535 -30.862007
51.964636 -11.093033 -28.110786
48.332590 -10.217844 -27.195924
48.394806 -10.484752 -23.288843
45.390116 -12.840024 -23.262500
43.821128 -11.548930 -19.868031
41.611395 -14.319429 -18.350803
39.056145 -13.053224 -20.909404
35.491036 -14.250241 -20.538064
33.782411 -14.723094 -23.815106
30.366644 -13.284313 -22.926024
28.235601 -12.102244 -19.996497
24.588927 -11.152168 -20.399034
21.342990 -10.947643 -18.414133
18.945783 -13.894590 -17.864761
17.790351 -15.894902 -20.992751
14.646466 -18.047303 -20.577807
13.378574 -21.107437 -22.320013
9.880176 -20.658462 -23.537775
7.327730 -23.205380 -24.686529
3.796416 -23.703356 -25.454692
1.443789 -22.229951 -22.786251
3.977647 -19.702563 -21.389484
2.405466 -16.342260 -20.667065
5.008346 -13.543766 -20.613162
4.472546 -10.148152 -18.948340
6.642974 -7.235139 -20.197876
7.014392 -3.652698 -18.866685
7.009929 -0.589426 -21.117880
10.391294 0.184630 -22.572554
11.974580 -3.228749 -21.789655
13.862953 -4.644757 -24.729900
12.850640 -8.212503 -25.602864
14.042806 -10.791359 -28.271186
12.865293 -14.331654 -29.275189
14.784802 -17.192929 -30.941715
13.145183 -20.302349 -32.271049
15.512764 -23.106849 -31.527131
12.870439 -25.751121 -32.230302
11.717721 -27.540802 -35.326986
8.245057 -26.081742 -35.380054
7.300558 -22.484900 -35.835876
7.257737 -20.505585 -32.685375
3.906095 -18.649349 -32.580515
3.527475 -15.952855 -29.960470
0.401357 -13.808090 -29.601028
0.476814 -10.506088 -27.657466
-1.934992 -7.886546 -26.363689
-0.630622 -4.318590 -26.159294
-2.476950 -2.208669 -23.662101
-2.844591 1.079895 -25.477981
-5.230912 2.595547 -22.993042
-2.992287 1.960267 -20.026740
-1.735918 4.864126 -17.864244
1.737949 3.597702 -18.601754
1.391563 4.557700 -22.256993
1.737686 8.316923 -22.196164
1.504342 8.642163 -25.987124
-1.511243 8.083683 -28.171782
-3.447280 4.879933 -28.656626
-1.250621 3.554935 -31.470244
0.966942 0.594374 -31.111265
4.617539 1.766916 -31.605494
7.295212 -0.844130 -31.689964
10.861691 0.544132 -31.291780
13.465670 -1.607137 -33.079924
16.949891 -1.761246 -31.620389
18.044731 -3.792017 -34.665887
16.625070 -4.721504 -38.047730
13.957683 -2.880013 -39.958011
10.459772 -2.948348 -41.372279
10.404626 -2.158993 -45.002658
6.633457 -1.944188 -45.028520
6.723214 0.568526 -42.304374
4.191388 1.072587 -39.552215
1.164812 1.120062 -41.811062
-1.412090 0.770288 -39.010440
-0.651819 4.300922 -37.872615
-3.204166 6.230576 -39.909336
-2.372563 9.744696 -40.938120
1.310224 9.267382 -40.862723
3.432039 9.379507 -43.932115
4.251071 5.857960 -44.868277
8.051827 5.335055 -44.568946
10.072338 2.308916 -43.977292
10.778566 1.738034 -40.328984
14.445198 1.469424 -39.235103
16.164446 0.723327 -35.993914
16.623189 3.507553 -33.446568
20.414915 3.746839 -33.995764
19.749634 4.731936 -37.576191
18.309118 8.028900 -36.356610
21.640915 9.134422 -34.909011
24.636010 10.359703 -36.824291
27.288110 7.607110 -37.199592
29.822747 9.933741 -35.452021
27.664272 10.169571 -32.458237
27.309542 6.440074 -32.255584
31.074944 5.962024 -32.772633
31.735988 8.231138 -29.828981
28.985868 6.762172 -27.699257
30.111226 3.130792 -28.254988
33.922180 4.028864 -28.625143
34.042929 2.138041 -31.973699
35.064288 3.117266 -35.513483
32.673799 5.065319 -37.726628
32.397536 2.132073 -40.119709
31.153283 -0.160947 -37.471067
28.828349 2.600225 -36.294964
27.411807 2.700326 -39.789589
26.798940 -1.028149 -39.692460
24.816409 -0.648205 -36.450483
22.349701 1.494393 -38.392015
21.368279 -1.563699 -40.556712
20.908785 0.670065 -43.633382
21.824656 -2.077669 -46.098884
19.984008 -4.806926 -44.270122
16.643864 -5.793830 -45.825759
16.069383 -9.020505 -43.917967
13.396225 -7.428080 -41.706746
12.985220 -7.763324 -37.960833
12.903094 -11.594802 -37.872361
16.146892 -12.927730 -39.326847
17.585338 -16.330414 -39.850441
20.566029 -17.166667 -37.702959
23.348375 -18.517796 -39.741514
25.305592 -21.164645 -37.786662
25.210149 -22.038882 -34.213097
23.365582 -19.836870 -31.827709
25.492438 -20.309011 -28.628598
23.933525 -18.112356 -25.982351
24.730510 -18.862609 -22.382530
21.667520 -20.614169 -21.010756
21.010053 -23.316128 -18.460474
20.177980 -26.738866 -19.696994
16.614329 -27.918629 -19.837229
16.138434 -30.713222 -17.090995
17.081265 -33.408719 -19.700733
20.100803 -31.619847 -21.285649
23.661822 -30.870640 -19.826798
24.612926 -27.553881 -17.474173
25.522833 -24.474019 -19.148344
27.085199 -21.726317 -16.631304
25.104530 -18.504520 -15.671142
26.233569 -16.008759 -12.608376
23.564548 -14.247124 -10.240757
24.218640 -10.893642 -8.132223
22.036409 -9.183195 -5.021573
19.815070 -6.143348 -6.092412
19.134073 -8.772224 -8.362299
16.782746 -10.501937 -5.983361
14.099408 -7.893359 -6.461115
12.983201 -6.532314 -9.749908
16.070484 -8.069359 -11.516296
15.103181 -11.693604 -10.742870
11.389877 -11.168033 -10.791326
9.299784 -13.794711 -12.414264
7.715664 -12.592709 -15.629565
6.620492 -15.909685 -17.152845
3.925849 -18.480607 -16.117259
2.657245 -21.476292 -17.986064
-1.128831 -21.731430 -18.398009
-1.280641 -24.813000 -20.555825
-0.395556 -27.305349 -17.868839
-3.672982 -28.914213 -16.813046
-2.093090 -29.921560 -13.493238
-2.332276 -26.389690 -12.500967
-5.898179 -25.861506 -13.575178
-8.251887 -23.896308 -11.287154
-11.471356 -25.417487 -12.634046
-11.590917 -29.022157 -13.721350
-14.314614 -31.313894 -14.617286
-13.411665 -34.658185 -15.913512
-14.585301 -35.183078 -19.644915
-15.634592 -31.612988 -20.021937
-12.322173 -29.751495 -19.600078
-10.405951 -27.250942 -17.459779
-9.879457 -23.499915 -16.995942
-6.644432 -21.868327 -15.763115
-6.453272 -18.267504 -14.679643
-3.362461 -16.001377 -14.360058
-3.773904 -12.840466 -12.226752
-1.793629 -10.669064 -9.750680
-2.006745 -13.329856 -7.000742
-0.140382 -15.744340 -9.335007
2.272776 -13.374452 -10.916280
3.034730 -10.061995 -9.079008
4.171156 -8.079396 -12.178673
0.544916 -8.186944 -13.419466
-0.359515 -5.754590 -10.666224
1.751096 -3.192153 -12.341215
0.634624 -4.069649 -15.913542
-3.045793 -4.216237 -14.848855
-3.614850 -7.187783 -17.119471
-4.566526 -10.823897 -16.566193
-5.164090 -13.961309 -18.663731
-7.426980 -17.012768 -18.773889
-6.693436 -20.322312 -20.588719
-9.643054 -22.632402 -21.503255
-9.739732 -26.141416 -22.796655
-13.103035 -27.859242 -23.199206
-14.170316 -30.976658 -24.983705
-16.999155 -31.687641 -27.275457
-20.487969 -30.897862 -25.786339
-18.993970 -28.901114 -23.039663
-20.160493 -25.390621 -22.377504
-18.880535 -22.541096 -20.272429
-21.840911 -21.145578 -18.376296
-23.146967 -17.707197 -19.384819
-21.071729 -15.130111 -17.579393
-19.921115 -11.479894 -17.799712
-16.712590 -9.681631 -16.619256
-17.448527 -7.106723 -13.949640
-14.366332 -4.945151 -14.297860
-12.564172 -5.886064 -17.490886
-12.708662 -6.408184 -21.221288
-11.741911 -9.823175 -22.456900
-9.853945 -10.438102 -25.712185
-10.485052 -14.023848 -26.741914
-8.070862 -15.723961 -29.192112
-8.775063 -19.278502 -30.395564
-5.645649 -21.361239 -30.266030
-7.285102 -24.665188 -31.309703
-10.631196 -25.978253 -32.483572
-14.027431 -24.360603 -32.894162
-16.816754 -23.199277 -30.697776
-20.197721 -21.523273 -30.948472
-20.162909 -18.257692 -29.027876
-23.003822 -15.849106 -28.171612
-22.448828 -12.400742 -26.684918
-25.289885 -10.181392 -25.282691
-25.002183 -6.417369 -24.815053
-26.587270 -3.915149 -22.313312
-29.821588 -3.751645 -24.379200
-30.309369 -7.478732 -24.074175
-29.482545 -7.973759 -27.755122
-27.452224 -10.744643 -29.107876
-24.663217 -8.847440 -30.778612
-22.606063 -11.916037 -31.760036
-23.785066 -15.364829 -32.613869
-21.394463 -17.416319 -34.564764
-18.746459 -19.934354 -34.882094
-15.235371 -18.955432 -33.896401
-12.252995 -20.927070 -35.134873
-8.559056 -21.231831 -34.667810
-6.706025 -18.002967 -35.312036
-9.665360 -15.751401 -34.882999
-9.990848 -12.923922 -32.354759
-13.132299 -11.808137 -30.449909
-13.212347 -8.962554 -27.893021
-15.916959 -9.215657 -25.231752
-16.679775 -5.838471 -23.633065
-17.073348 -5.199083 -19.940329
-20.458356 -6.238872 -18.623609
-21.471288 -8.136670 -21.813588
-22.570045 -11.649593 -21.147792
-20.945863 -14.488751 -23.086424
-21.515442 -18.237515 -23.490099
-19.113979 -20.700794 -25.247879
-20.021129 -24.087648 -26.469137
-17.483803 -26.452877 -27.968893
-18.503537 -27.774310 -31.380869
-15.233255 -29.457930 -32.139111
-13.603937 -32.350677 -30.327182
-11.534477 -29.881830 -28.556014
-11.856195 -26.208755 -28.193926
-8.880140 -24.255452 -26.633267
-8.613310 -20.536383 -26.274591
-6.685401 -17.780410 -24.389021
-8.349103 -14.614719 -23.045971
-6.420157 -11.496500 -22.188595
-8.270797 -9.296969 -19.703795
-7.673345 -5.548424 -19.096901
-7.493524 -5.788231 -15.271205
-4.921102 -7.440842 -13.051930
-7.684418 -9.116530 -11.136583
-10.574978 -9.517775 -13.530357
-13.808244 -10.654263 -11.869968
-16.220274 -13.050507 -13.573596
-19.907849 -13.210257 -12.644615
-21.891087 -16.265693 -13.761122
-25.601073 -16.347985 -14.432238
-26.095704 -19.967080 -13.601556
-24.578512 -22.395148 -11.173129
-23.884133 -22.689478 -7.439310
-21.754054 -19.520894 -7.311384
-23.959817 -17.526015 -9.680488
-25.919449 -14.286502 -9.356522
-29.302932 -16.062989 -9.502568
-28.163661 -18.445161 -6.754068
-27.610844 -15.448633 -4.486315
-30.999018 -13.820247 -5.125581
-34.055822 -14.482861 -2.955341
-36.724723 -16.750784 -4.443314
-39.211549 -13.909865 -4.299215
-37.071311 -11.687567 -6.416402
-36.657953 -14.400606 -9.112403
-40.390580 -15.402038 -9.076910
-41.635397 -11.837570 -9.382967
-39.033105 -10.801256 -11.842062
-39.775233 -13.532394 -14.308139
-43.418357 -14.187144 -13.392901
-42.804141 -17.802928 -12.664974
-43.929869 -19.985314 -9.737354
-41.926583 -20.370585 -6.646859
-41.228331 -23.959927 -7.567638
-40.000876 -22.979734 -10.954800
-37.936209 -20.287668 -9.435807
-36.379725 -22.903113 -7.121603
-35.361744 -25.018364 -10.082585
-33.794019 -22.067380 -11.826317
-31.940360 -21.239701 -8.667953
-30.740858 -24.739113 -7.453355
-30.679347 -27.160766 -10.461841
-27.303492 -26.351068 -11.767086
-24.689138 -27.402047 -9.213851
-21.640913 -26.619843 -11.434822
-19.653669 -23.481088 -11.000006
-18.278177 -22.772720 -14.536180
-18.485318 -25.848120 -16.921456
-21.538378 -27.841067 -17.779250
-22.646493 -30.442625 -20.265941
-24.443407 -29.270039 -23.371848
-25.636780 -32.281887 -25.459159
-27.599544 -31.828736 -28.933323
-27.466044 -29.991538 -32.256358
-26.716184 -26.249614 -32.018555
-29.877699 -24.917807 -33.773402
-28.302708 -22.392216 -36.215887
-30.998620 -19.688397 -36.495467
-30.532703 -18.097732 -40.150109
-29.611706 -14.435278 -40.352615
-32.500678 -11.996790 -41.432969
-31.098895 -10.825782 -45.041083
-31.695367 -7.005280 -45.458220
-32.987643 -6.794892 -49.276703
-30.751017 -4.051124 -50.891928
-33.198659 -2.923450 -53.702129
-30.646757 -1.274399 -56.159500
-32.931583 1.322041 -57.827427
-31.012577 1.952831 -61.211730
-31.813379 5.636024 -61.835484
-30.885466 6.717564 -65.377502
-9.568842 16.985411 -32.342664
-10.119925 17.559297 -28.705159
-12.513847 20.558255 -28.882718
-10.804471 23.535249 -27.366528
-12.450705 24.204245 -23.901425
-14.114691 20.816073 -23.657453
-15.833482 21.616767 -20.330588
-17.470414 25.024875 -21.212838
-17.989656 25.989466 -17.619033
-18.727209 29.700304 -18.080916
-22.297443 29.128037 -17.183605
-23.795884 26.709074 -14.775911
-27.506723 25.825463 -14.400429
-29.682062 24.099363 -11.923674
-30.578654 20.990991 -13.837495
-33.778534 18.962028 -14.036952
-34.318680 15.398778 -15.255068
-34.288711 15.113297 -19.028090
-35.741999 11.568570 -19.400537
-38.383884 9.776583 -17.459129
-38.842113 6.029362 -17.732130
-42.200815 4.909251 -16.538970
-42.751162 1.450951 -15.020304
-45.617814 -0.412074 -13.342994
-44.822302 0.623258 -9.828082
-42.622787 3.666414 -10.171377
-40.380436 5.584577 -12.450582
-36.718934 6.274200 -13.190961
-35.596178 9.823037 -13.975737
-32.295342 10.383644 -15.788143
-30.421387 13.721986 -16.126742
-28.621415 14.699660 -19.335495
-25.068440 13.603741 -18.838451
-24.150107 15.716039 -21.969541
-24.868063 18.868042 -20.131173
-21.552515 20.700603 -19.890083
-21.317534 20.696920 -16.105372
-22.108352 16.924835 -15.829138
-20.099446 16.064527 -18.899282
-17.102446 17.799345 -17.449723
-17.566350 16.143827 -14.090121
-17.764765 12.792248 -15.967136
-20.791473 11.567661 -13.995005
-24.394894 10.611902 -14.710292
-27.200012 11.254020 -12.282514
-30.313288 9.067897 -11.812918
-33.313173 9.162137 -9.461674
-35.406282 6.069096 -8.679119
-38.919719 6.601666 -7.402835
-40.383757 3.273225 -6.254658
-44.032319 3.148438 -5.107794
-45.262040 1.149953 -2.120496
-44.784439 -2.624753 -2.870426
-42.676976 -1.708291 -5.786887
-39.625475 -3.921391 -6.679744
-36.835164 -2.519435 -8.660892
-35.550045 -5.626166 -10.398846
-31.894106 -6.845403 -10.259739
-29.642651 -4.795744 -12.471563
-25.959974 -3.797478 -12.622985
-23.757565 -1.118500 -14.262917
-20.300297 -1.185186 -15.816429
-19.573968 1.861986 -13.660754
-19.101287 2.488935 -9.947750
-22.201581 3.810337 -8.306142
-22.541287 4.817011 -6.709049
-22.880993 5.823685 -5.111957
-26.558405 6.114253 -4.025042
-28.423032 8.136604 -1.394551
-31.842567 7.285698 -0.005477
-33.547559 10.659533 -0.121692
-36.969135 9.521663 1.080411
-38.650935 6.450592 2.445810
-37.580954 2.972310 3.604312
-37.194902 -0.454613 2.018427
-35.038988 -3.555049 1.333429
-32.024854 -3.858092 -0.760560
-29.961172 -6.820777 -1.967010
-26.532326 -7.049943 -3.533535
-25.271795 -10.255466 -4.943318
-21.580453 -10.992559 -5.244706
-20.923712 -14.234932 -7.052090
-18.493650 -16.529654 -5.186955
-19.145661 -16.024668 -3.457219
-19.797672 -15.519681 -1.727483
-21.892240 -17.976345 0.251280
-25.665686 -17.640085 0.823035
-25.546380 -16.931942 4.589757
-29.286698 -16.109085 4.963625
-31.000191 -19.494297 5.248807
-34.615142 -20.519036 6.210117
-35.228750 -22.981200 9.156483
-35.906857 -26.510488 8.192979
-39.759550 -26.854066 8.546910
-39.748266 -29.716419 11.020339
-43.213618 -31.190648 10.418899
-44.361675 -32.134126 14.081178
-45.272221 -35.811826 14.264602
-49.096720 -36.001510 15.488387
-49.113843 -37.378143 18.967609
-52.878242 -38.220614 19.829836
-53.773547 -36.033458 22.668441
-57.098518 -37.846563 24.012180
-58.890343 -34.828133 25.191115
-62.461180 -35.970777 26.443787
-64.219038 -35.515077 26.474972
-65.976896 -35.059377 26.506158
-68.809741 -32.935660 26.700432
-70.739633 -30.185165 25.846973
-74.195712 -29.683547 24.141546
-75.200959 -27.026191 22.215083
-78.062726 -26.639641 19.873012
-80.248423 -26.592939 17.000773
-81.271463 -25.431759 13.901348
-82.848503 -26.521804 10.623287
-83.132601 -25.991236 7.260371
-83.715804 -27.400014 3.868072
-82.322233 -26.995954 0.706534
-82.570680 -29.181555 -2.287042
-81.726066 -31.685733 -4.821849
-79.850337 -32.361930 -7.701278
-78.498316 -35.793182 -8.981378
-75.919609 -35.891536 -11.326464
-74.126903 -39.268253 -11.755334
-71.021291 -39.722892 -13.335404
-68.080983 -42.074303 -13.340112
-65.001904 -43.926292 -12.034980
-62.439728 -43.146747 -9.241812
-59.185291 -44.397655 -10.502044
-56.778255 -44.866169 -7.463547
-54.109287 -42.125909 -7.820438
-51.195567 -43.792179 -5.876458
-50.053262 -40.986034 -3.505948
-46.248364 -41.247660 -4.035235
-44.953197 -40.192188 -0.597122
-42.595061 -37.360010 -1.602125
-39.693478 -38.094820 0.822968
-39.689222 -34.450760 1.798744
-35.875220 -34.267174 2.590387
-35.363652 -31.620729 5.284494
-35.526460 -29.163469 2.354699
-34.752782 -25.587922 3.076262
-37.079601 -23.253772 1.361485
-34.596657 -20.617010 0.371631
-30.991370 -19.509628 0.895962
-29.663574 -16.255668 -0.428208
-26.998578 -13.612025 0.241457
-27.321431 -10.681301 2.702746
-30.476813 -8.460371 2.378269
-30.299873 -4.986611 4.046043
-32.893125 -2.658476 5.385695
-32.516689 0.771865 3.944622
-33.950108 4.105219 5.069802
-33.702896 7.794236 4.497961
-30.104282 8.984915 4.758647
-28.470541 5.650208 3.820934
-25.650332 6.103453 1.372807
-24.941556 2.906373 -0.602812
-21.678948 2.182379 -2.439409
-21.791309 -0.391898 -5.290270
-18.979993 -1.965408 -7.360168
-19.101855 -2.325570 -11.141457
-20.919245 -5.382227 -12.304085
-22.598672 -6.165045 -8.936820
-26.265449 -6.944864 -9.277640
-28.531270 -4.889595 -7.029230
-32.364327 -4.782557 -6.342182
-34.634342 -2.537821 -4.199556
-38.111906 -3.279563 -2.635329
-40.231097 -0.631101 -1.058631
-41.883580 -2.270768 1.866398
-42.989423 1.054318 3.341320
-46.036431 3.261710 2.884701
-44.199675 6.157056 1.297720
-42.366044 6.188361 -1.968153
-38.816990 5.059918 -1.763368
-36.720783 7.718249 -3.545444
-33.126565 6.826223 -4.247300
-30.703717 9.141002 -6.076577
-27.466898 7.790878 -7.610788
-24.307745 9.114337 -9.194922
-22.665832 6.900954 -11.832031
-18.983235 7.579923 -12.270886
-18.570073 7.426549 -16.033909
-15.059731 8.795532 -16.058320
-13.749957 6.229882 -13.592250
-10.921558 3.848701 -14.540766
-13.267990 1.046603 -13.627526
-15.512326 1.861767 -16.553888
-13.597096 0.541834 -19.515162
-16.305373 1.427698 -22.015043
-17.386734 4.851541 -23.120143
-18.868898 7.611752 -21.013382
-22.458720 6.468313 -21.364423
-24.444456 5.086085 -18.538840
-25.376884 1.449729 -19.404575
-27.638865 -0.374649 -17.101025
-27.748337 -4.172520 -17.620446
-31.094934 -5.700797 -16.656693
-31.150327 -9.227774 -15.328823
-34.953561 -9.128788 -15.333886
-37.652728 -6.883047 -16.685822
-37.357903 -4.449056 -19.547764
-37.407482 -0.883819 -20.681217
-39.829405 -0.294189 -23.450321
-38.580398 3.214632 -24.012291
-35.140075 1.924506 -24.447751
-31.887890 3.622347 -23.494240
-32.691030 6.937190 -25.169894
-29.867417 8.880545 -23.485126
-27.309094 7.010013 -25.590939
-27.078937 9.310013 -28.601293
-26.285053 7.781745 -31.934360
-27.639924 4.425780 -31.142649
-30.657399 3.012455 -32.803324
-33.525522 3.337438 -30.482767
-34.743198 -0.140168 -29.474112
-36.511548 -1.380556 -26.509960
-34.203975 -2.609853 -23.858941
-34.620457 -6.197158 -22.643738
-33.013256 -8.259042 -19.967449
-29.689838 -9.969490 -20.677205
-31.183288 -13.500625 -20.795431
-33.242987 -12.418615 -23.748603
-30.094329 -12.193800 -25.805783
-29.405254 -15.906386 -25.542369
-31.199996 -18.671923 -27.302797
-33.741560 -20.404429 -25.078967
-31.964334 -23.699928 -25.630715
-28.806388 -22.363010 -24.321449
-30.519129 -21.088107 -21.255926
-32.315069 -24.410544 -20.760055
-29.051229 -26.231988 -20.806549
-27.284829 -23.691396 -18.654574
-29.961434 -23.641155 -15.958776
-31.000193 -27.346660 -16.503318
-34.599380 -26.391060 -16.911880
-37.184118 -26.888685 -19.606948
-37.199546 -24.702708 -22.713633
-40.542345 -23.207238 -21.746637
-39.265124 -21.942516 -18.524149
-36.214758 -20.684621 -20.306333
-38.470466 -18.656847 -22.571726
-40.157773 -17.163783 -19.571593
-36.836376 -16.039948 -18.218192
-36.452444 -13.876392 -21.293485
-39.490476 -11.718270 -20.227408
-40.580319 -11.264368 -23.835156
-44.260671 -10.915055 -22.939925
-43.647128 -8.797226 -19.906755
-44.387433 -5.048402 -20.301046
-44.423075 -3.974452 -16.629806
-40.983354 -2.381105 -16.936538
-38.066101 -2.638474 -14.539300
-39.981834 -1.576039 -11.407674
-42.831524 -4.002986 -10.826597
-45.532785 -4.343587 -8.265965
-45.209717 -7.391791 -6.039258
-48.373878 -9.279467 -5.854045
-48.862742 -10.850269 -2.396081
-46.461014 -11.250722 0.386190
-42.875658 -10.514084 -0.177029
-41.259991 -13.033004 2.269235
-37.514460 -12.651801 1.876294
-35.345199 -13.909275 4.674877
-34.190634 -10.838022 6.586956
-33.385067 -10.015905 10.173981
-35.921249 -8.050493 12.118609
-35.527530 -4.324965 12.621393
-34.704751 -3.667730 16.410147
-38.487496 -3.282248 17.112062
-39.765118 -6.345136 15.110414
-39.125056 -10.147634 15.727960
-35.862643 -11.738957 14.215777
-35.914824 -13.750301 10.964294
-33.001544 -16.569755 10.465223
-29.951037 -15.786422 8.160930
-26.585167 -18.129155 8.106330
-22.959134 -16.507239 7.816277
-19.780789 -18.470573 6.413192
-15.759573 -17.506054 6.712589
-14.155078 -16.063484 3.424254
-17.145839 -14.166746 4.070745
-15.458574 -11.957323 6.604310
-13.598536 -10.023025 3.982860
-15.159551 -8.667482 0.847308
-18.339741 -10.811725 1.363334
-19.334641 -9.088136 4.640496
-17.926890 -5.726289 3.806915
-19.946371 -2.718317 4.814072
-21.349259 -0.911073 1.811102
-23.964237 1.317864 3.492660
-23.662175 4.325477 5.904844
-26.310348 6.685199 7.105147
-25.579337 10.412147 6.682121
-28.863658 11.798183 7.927324
-28.298546 11.066869 11.568704
-27.297097 14.388257 13.131243
-25.694639 12.494508 16.049625
-22.992049 11.582931 13.710530
-22.436999 15.044636 12.320658
-18.849114 16.290302 11.794711
-19.714500 20.005195 11.934074
-22.417438 21.252367 14.272118
-23.464262 24.641171 15.261244
-26.555237 24.945133 17.315728
-29.400364 26.950036 15.436503
-27.497063 27.045526 12.232052
-27.243279 23.323144 11.316571
-24.817486 20.431307 10.741878
-22.657858 18.859858 8.041753
-21.832704 15.110624 7.763923
-19.132510 13.783330 5.488441
-18.668425 10.174364 4.148832
-15.199874 9.329069 2.798813
-12.720896 6.354908 2.679488
-11.859292 6.740886 6.396045
-15.576146 6.068185 7.198489
-16.363038 3.473939 4.610376
-13.388749 1.511876 3.090570
-15.119129 0.545754 -0.206307
-15.024289 4.271916 -1.204778
-11.267936 3.943068 -1.637251
-11.941472 1.649319 -4.565705
-14.847726 3.602209 -5.990384
-12.933659 6.904361 -5.617671
-16.099825 8.651431 -4.586274
-17.301821 10.396216 -1.410774
-20.420442 12.195922 -0.167481
-21.406135 15.159954 2.016247
-24.804515 15.715025 3.691213
-25.820474 19.296104 4.755031
-28.666984 20.588365 6.808789
-28.834987 24.291733 7.630606
-31.523508 26.495374 8.997284
-32.826707 29.824955 7.959312
-30.149430 32.592253 7.852686
-27.396544 30.091839 7.957567
-24.647937 30.128553 5.385704
-21.896214 27.741442 4.443170
-18.707678 29.795148 4.143263
-17.329524 30.300757 0.622369
-15.194445 27.286731 -0.179647
-13.805926 25.293506 -3.144017
-12.933708 21.528862 -3.596960
-9.236719 21.039733 -4.180238
-9.342992 17.648186 -5.844512
-12.912877 16.811734 -6.776445
-16.066725 17.846266 -8.511267
-19.150964 18.085123 -6.367283
-22.651642 17.124697 -7.574776
-25.148720 18.895562 -5.350351
-28.739998 17.538926 -5.155867
-31.329926 19.395005 -3.041560
-33.321991 16.946427 -0.989716
-35.381160 19.606860 0.904214
-35.931123 23.346237 0.951663
-34.336851 26.203741 -0.908862
-31.108878 28.076799 -0.868270
-29.347865 30.861638 -2.704774
-26.142434 29.541248 -4.237384
-23.304590 31.435771 -5.962654
-20.493742 29.688431 -7.836502
-17.349646 31.527404 -9.081711
-15.087270 30.123899 -11.852164
-11.299065 30.476732 -12.575429
-11.828031 33.869624 -14.245217
-13.378087 35.274665 -11.059264
-16.830649 35.367967 -12.739951
-19.971153 34.476256 -11.048768
-21.147459 31.655019 -13.313394
-24.184556 30.733880 -11.197007
-26.307749 32.954418 -8.991863
-29.677188 31.638921 -8.257825
-32.079493 29.884244 -6.114877
-31.921820 26.086012 -5.987324
-34.872337 24.066260 -4.802180
-35.809046 20.548911 -3.940226
-35.197449 18.077041 -6.723934
-32.730731 20.182733 -8.589377
-29.149376 19.236087 -9.443363
-26.069816 21.541494 -9.541547
-22.544033 20.331036 -10.373050
-19.719075 22.434048 -8.878818
-16.461715 21.930734 -10.772002
-13.087816 21.372446 -9.173074
-11.527356 24.598683 -7.915076
-14.706904 26.689375 -8.330697
-15.665007 28.531822 -5.200394
-19.222246 28.107972 -3.911713
-21.316553 29.721950 -1.157983
-24.774515 28.464754 0.050429
-27.243250 30.473573 1.994002
-30.467557 28.999081 3.267027
-33.522135 31.015787 2.248611
-36.046136 28.532335 3.523661
-36.642383 27.372872 7.102993
-34.612280 24.428907 6.289483
-32.239562 23.659510 3.569415
-30.976774 20.061267 3.146335
-28.814003 18.755791 0.407491
-26.489243 15.798582 -0.564035
-23.227307 16.281416 -2.499071
-21.516734 13.442622 -4.332221
-17.808720 14.110647 -4.851477
-15.546720 12.421761 -7.460878
-12.713424 11.565332 -5.027770
-12.636396 9.121578 -2.141796
-11.137958 11.793332 0.048099
-12.346571 15.100548 -1.310818
-10.611366 18.107293 0.254163
-12.465883 21.373503 0.941294
-10.647903 24.711960 1.259323
-12.512840 27.584944 2.888895
-11.922169 31.260059 2.158671
-13.001079 32.509605 5.537308
-12.866083 31.185517 9.084297
-10.252874 29.887003 11.537968
-9.170514 27.004750 9.248406
-9.298568 29.042696 6.028306
-6.741914 29.983478 3.396930
-6.696064 33.656285 4.429467
-6.147556 32.651619 8.060094
-2.964849 30.884956 7.009813
-1.566678 33.803400 4.977196
0.791591 36.433331 6.495962
-0.794142 39.824924 7.191046
1.628217 41.396698 4.690901
0.449269 39.196517 1.883205
-3.263206 40.044156 2.572438
-2.590965 43.816598 3.072559
-0.540378 44.139909 -0.158767
-2.759534 41.855824 -2.165120
-5.952344 43.801244 -1.439814
-4.374113 47.239534 -0.768419
-5.946824 47.512498 2.716507
-4.396970 48.588568 6.018463
-2.763719 46.141563 8.313421
-5.628051 46.629296 10.761131
-8.203810 45.848303 8.088268
-6.204839 42.910158 6.993605
-6.240713 41.656633 10.644571
-10.032874 41.862763 10.717989
-10.337527 39.903491 7.455747
-7.964628 37.339119 8.803296
-9.222121 36.872067 12.484672
-12.867345 38.099917 12.720379
-14.551257 34.956279 11.642744
-13.883059 32.258387 14.222153
-16.202001 29.645329 12.593970
-14.824793 26.837541 10.499822
-17.671518 26.052903 8.016160
-21.110001 27.567499 9.100440
-21.871951 31.146268 9.913106
-24.872145 33.350534 10.476969
-26.165213 35.385054 7.534720
-29.051345 37.682166 8.652823
-30.979887 40.088982 6.042039
-32.701627 40.120104 2.631801
-30.745876 38.404801 -0.192076
-30.486622 41.377129 -2.586801
-31.605591 39.683152 -5.869787
-29.562969 41.497200 -8.541973
-31.814994 41.212390 -11.876697
-30.214818 39.615017 -14.937767
-29.152769 42.205614 -17.703492
-31.520574 41.140458 -20.852765
-29.511691 40.495235 -24.127827
-31.740904 42.670991 -26.898131
-32.062548 40.238750 -29.879238
-32.610808 43.011154 -32.620226
-34.191933 40.704515 -35.304768
-33.247832 42.714321 -38.495527
-36.071826 41.568311 -40.950001
-34.105796 41.738911 -44.232148
-36.539270 41.958302 -47.207059
15.430043 -17.892289 29.585543
12.195315 -17.994601 27.706341
10.242109 -20.401028 29.966995
9.590191 -23.523103 28.015435
5.797449 -23.549799 27.125278
5.242427 -19.902720 27.910581
1.488998 -20.012398 27.168711
0.468504 -23.095232 29.338099
-2.788668 -23.572281 27.532711
-3.634634 -27.116957 28.742407
-6.403354 -25.735358 30.827005
-8.678103 -22.845313 30.221861
-11.056408 -21.180489 32.741801
-13.942236 -18.814281 32.650397
-12.407818 -15.781182 34.251477
-13.813786 -13.181222 36.623454
-12.503991 -9.715466 37.472940
-9.574434 -9.793367 39.823854
-9.462230 -6.084597 40.827311
-12.209918 -3.617415 41.431279
-11.501191 0.106697 41.615684
-14.252178 1.996934 43.273482
-15.072357 5.626740 42.394446
-17.736091 8.181353 43.335316
-20.143801 7.333625 40.577087
-19.146399 3.878279 39.430217
-16.415119 1.344379 39.348722
-13.734660 -0.142408 37.090106
-13.154686 -3.891320 37.091014
-9.852610 -5.287449 35.796741
-9.104413 -8.946921 34.891645
-5.752710 -10.567597 35.656989
-3.742248 -10.175177 32.546530
-1.213365 -12.696565 34.035313
-3.678450 -15.466700 33.715430
-2.188505 -17.897555 31.210887
-4.942667 -17.589246 28.606770
-4.880587 -13.736403 28.670335
-1.120718 -13.595916 29.021367
-0.750530 -15.759149 25.966147
-3.257113 -13.724408 24.016702
-1.273062 -10.604167 25.037391
-4.396626 -8.619347 25.976302
-5.873271 -7.021826 29.097968
-9.575512 -6.847186 29.750129
-11.412146 -4.031880 31.601661
-15.066195 -3.292682 32.404809
-16.322230 0.234191 33.206328
-19.554131 0.541605 35.109587
-20.686298 4.200204 35.181393
-23.764022 5.163709 37.226297
-26.352823 7.654692 36.046828
-24.754353 11.167839 35.792406
-21.430852 9.563275 36.142973
-18.441748 11.008255 34.172324
-15.505820 8.880897 33.428573
-12.753555 11.479746 33.271031
-10.386956 11.945073 30.257388
-7.731097 9.297371 30.161236
-5.544957 7.574655 27.547282
-3.471263 4.360528 27.191766
-0.152106 3.571999 25.538708
-1.943149 0.655775 23.901116
-4.612532 0.285740 21.233908
-8.031367 -0.227878 22.676275
-9.659541 -0.991059 22.007981
-11.287715 -1.754239 21.339687
-14.454206 -1.168215 23.478199
-18.037792 -2.518494 23.410679
-20.999545 -0.859903 25.056054
-22.644791 -3.819871 26.755980
-25.441697 -1.896218 28.476840
-26.894683 1.568649 28.599973
-26.427161 4.846932 26.709754
-24.264767 7.958300 27.077238
-21.800286 10.472004 25.585051
-18.277590 9.961269 24.566906
-15.524202 12.318384 23.489727
-12.163696 11.702385 21.864030
-9.668209 14.452407 21.492273
-7.041160 14.381473 18.776074
-4.606651 17.246632 19.140098
-4.069058 19.170582 15.875216
-5.889150 18.983332 15.317302
-7.709241 18.796082 14.759388
-10.004800 21.783543 14.862412
-12.826343 22.266791 17.427828
-15.757991 21.923963 14.974892
-18.517176 21.900515 17.675024
-19.110675 25.596264 18.488504
-21.851631 27.399668 20.538890
-23.999988 30.192261 18.855454
-22.991917 33.707242 19.613427
-25.626764 34.930252 22.248548
-26.908228 37.947383 20.317023
-28.335847 40.070324 23.151264
-31.677322 41.502924 21.572644
-31.732706 45.321215 21.741225
-35.106918 46.439906 23.745594
-37.473174 48.116015 21.321878
-40.471281 49.775574 23.408227
-43.710261 48.125183 22.354294
-46.514928 50.820844 23.713876
-49.401855 48.525763 24.371354
-52.414982 50.436247 26.474605
-52.850800 49.292087 27.880246
-53.286619 48.147926 29.285887
-56.066297 50.206064 31.160332
-55.314519 49.844744 34.989997
-58.497590 49.738739 36.622030
-58.624720 47.353713 39.096818
-59.206114 47.879382 42.887967
-58.511363 47.870435 46.460735
-56.781985 46.165151 48.934407
-55.314990 47.778377 52.195869
-52.834671 46.294272 54.074638
-50.700500 48.384766 56.625945
-47.853461 47.293267 58.120456
-44.789766 48.377600 59.886906
-41.793916 50.418838 60.794830
-38.345446 49.970047 61.327818
-35.231655 52.335763 61.335315
-31.785375 51.527067 61.012188
-28.845657 53.797177 59.862490
-25.831837 52.374512 58.471361
-23.017582 54.070983 56.526638
-21.377847 55.355684 53.276009
-20.794812 52.553491 50.675446
-18.405211 54.190335 48.165999
-19.294243 54.434039 44.331841
-17.335202 51.569140 42.800618
-17.014009 52.591016 39.022278
-18.895475 49.946308 36.882838
-16.220666 49.317552 34.168016
-18.376494 48.333049 31.123498
-16.866740 44.919394 30.108095
-16.946820 45.244642 26.241344
-18.545071 41.801210 25.912465
-16.837054 40.768132 22.508007
-19.212656 38.395930 20.639862
-17.743811 35.707328 22.944251
-18.595118 32.120799 22.178846
-19.186309 30.093959 25.244834
-17.394810 26.916752 24.205209
-15.823709 25.178026 21.238119
-14.620957 21.588411 21.401339
-13.991493 18.542443 19.176683
-16.671833 15.984194 18.154377
-18.837231 14.423419 20.983373
-20.695820 11.160419 20.109439
-23.769612 9.550826 21.473473
-23.139591 5.978331 22.416797
-25.585228 3.172562 23.114711
-25.869850 -0.376296 23.473085
-24.021089 -2.399710 20.783619
-21.539346 0.408967 19.872718
-18.019721 -0.855257 19.316786
-15.416081 1.943389 19.744924
-11.866253 1.801509 18.357077
-9.249257 4.091920 20.031137
-5.618374 4.834539 19.057858
-2.754982 4.875275 21.528309
-2.354083 8.133440 23.361279
-5.799367 9.529047 22.420423
-7.619693 10.999444 25.359811
-11.146924 9.665348 25.829134
-14.049370 10.412197 28.353630
-17.527701 8.878414 28.915691
-20.699864 10.455101 30.520311
-23.760558 8.454477 31.371280
-26.654942 10.669361 30.594876
-29.139019 7.788003 30.828940
-31.107164 6.224412 33.660044
-29.352099 2.884978 33.552047
-25.772011 2.149538 34.249103
-23.520273 2.554877 31.299356
-21.398905 -0.632228 31.076824
-18.466763 -0.561772 28.685902
-16.053494 -3.478362 28.242908
-12.621504 -2.971420 26.618173
-9.718973 -5.057340 25.349644
-6.253924 -3.474320 25.588718
-3.793517 -4.918148 23.117399
-0.641900 -5.202689 25.202698
1.256448 -7.244525 22.660781
0.707497 -4.784224 19.843924
3.658553 -3.113685 18.087246
2.066833 0.169250 18.991508
2.754500 -0.434050 22.660636
6.454024 0.197429 22.963221
6.516961 -0.338413 26.729960
6.006892 -3.564667 28.586179
2.942257 -5.778543 28.618727
1.224446 -3.975980 31.491318
-1.889096 -1.968791 31.062446
-1.068797 1.695138 31.960971
-3.854120 4.148929 32.038473
-2.757888 7.824414 32.078890
-5.237593 10.079777 33.883084
-5.572253 13.664194 32.717906
-7.933204 14.335140 35.638292
-9.016845 12.545545 38.761717
-7.157281 9.850841 40.612684
-7.018243 6.266159 41.720064
-6.533837 5.938106 45.406312
-6.030927 2.210344 45.137555
-3.303426 2.736741 42.691195
-2.374213 0.512767 39.751764
-2.292051 -2.697660 41.764768
-2.198223 -5.016520 38.734970
1.336796 -3.900703 37.962747
3.317538 -6.469634 39.913546
6.656694 -5.468695 41.306640
5.915774 -1.857333 41.476830
5.599875 -0.018550 44.749060
1.973177 0.460802 45.437893
1.157883 4.218138 45.406357
-1.948325 6.044221 44.724852
-2.280376 7.015046 41.147039
-2.752089 10.725772 40.332941
-3.389339 12.664798 37.199052
-0.459276 13.577852 34.968226
-0.562800 17.315878 35.838421
0.190735 16.412503 39.396530
3.647846 15.334004 38.345607
4.610994 18.853606 37.280672
5.417153 21.773635 39.522745
2.477658 24.151111 39.853666
4.689442 26.964864 38.540142
5.333982 25.124098 35.434501
1.679724 24.519551 34.892175
0.875820 28.166018 35.633757
3.300967 29.270325 32.998460
2.231234 26.651264 30.532516
-1.494991 27.412211 30.853484
-0.949888 31.202720 31.623328
-3.070885 30.917200 34.751119
-2.502795 31.681022 38.402612
-0.564398 29.249203 40.596819
-3.651526 28.582692 42.687131
-5.591771 27.365029 39.752388
-2.600497 25.357981 38.671412
-2.656262 23.656889 42.042487
-6.288807 22.783209 41.582675
-5.500821 21.142095 38.248518
-3.351957 18.688971 40.155458
-6.467034 17.276813 41.967460
-4.478146 16.719296 45.154004
-7.497117 17.218681 47.426579
-9.859332 15.321349 45.238862
-10.734944 11.772628 46.374673
-13.767702 11.093873 44.190835
-11.734517 8.809496 41.911335
-11.744087 8.691448 38.138559
-15.514425 8.341716 37.703347
-17.243125 11.358625 39.270987
-20.762806 12.475254 39.626408
-21.654394 15.580550 37.677575
-23.401644 18.071782 39.785045
-26.024951 20.019679 37.784701
-26.605607 20.150001 34.134728
-24.084846 18.675885 31.825183
-24.475004 21.038182 28.797637
-21.936552 19.896682 26.266507
-22.482616 20.946212 22.694948
-23.865504 17.893550 20.887894
-26.268100 17.262252 18.055432
-29.754070 16.067713 18.932755
-30.605946 12.394552 18.635764
-33.147448 11.939299 15.629245
-36.106908 12.385450 18.060974
-34.777825 15.423240 20.021151
-34.145747 19.212412 18.844077
-30.688615 20.718358 16.904767
-27.861571 21.652278 19.005893
-24.947110 23.641265 16.993192
-21.524646 21.967898 16.135351
-18.831412 23.559417 13.497541
-16.755971 21.237090 11.030012
-13.273372 22.283816 9.259344
-11.189763 20.505538 6.099536
-8.021596 18.387669 7.161312
-10.774726 17.358640 9.178810
-12.148708 15.167048 6.485066
-9.404097 12.622169 6.911157
-8.194043 11.384856 10.219068
-10.111579 14.154813 12.108697
-13.570212 12.987541 10.967564
-12.728155 9.338725 10.735127
-15.337651 6.931642 11.923673
-14.276235 5.157088 15.092377
-17.621916 3.683854 16.221027
-19.890940 0.910112 14.740697
-22.915219 -0.739468 16.226610
-22.907209 -4.565417 16.290698
-26.135572 -5.146519 18.130707
-28.438884 -4.186914 15.315429
-29.675247 -7.476937 13.836296
-30.532124 -5.667894 10.579438
-26.904810 -5.550032 9.931399
-26.190029 -9.175521 10.725076
-23.829428 -11.165522 8.458179
-25.213992 -14.588472 9.387121
-28.882359 -15.034176 10.064879
-30.984127 -18.027538 10.570344
-34.510007 -17.509453 11.634368
-35.258589 -19.052026 15.202442
-31.641880 -19.840007 15.814512
-30.027675 -16.359989 15.846776
-27.538631 -14.077144 14.087064
-23.811121 -13.254906 14.006411
-22.370360 -9.782370 13.210874
-18.699441 -9.257594 12.473694
-16.673426 -5.974440 12.618413
-13.332055 -5.970605 10.730965
-11.133495 -3.599906 8.650064
-13.512483 -3.782724 5.651294
-16.259566 -2.294225 7.906016
-14.249185 0.141629 9.906084
-10.858352 1.302359 8.421211
-9.217849 2.295481 11.770539
-9.148883 -1.449214 12.689599
-6.428480 -1.933136 10.080087
-4.148502 0.145624 12.232807
-5.250058 -1.279260 15.569184
-5.029062 -4.855901 14.174918
-8.101788 -5.822922 16.112655
-11.619956 -6.986424 15.163306
-14.830586 -8.000532 16.910848
-17.707399 -10.489061 16.555195
-21.196152 -10.170555 18.126156
-23.345791 -13.355235 18.555553
-26.924997 -13.819574 19.548510
-28.395611 -17.330311 19.506654
-31.533608 -18.780714 20.902628
-32.227671 -21.861892 22.880511
-31.023654 -25.135939 21.168273
-28.937323 -23.233690 18.746678
-25.298796 -24.066728 18.302576
-22.388442 -22.410758 16.588175
-20.614293 -25.083984 14.548048
-17.165997 -26.202312 15.764725
-14.632261 -23.780192 14.363143
-11.115814 -22.387746 15.011793
-9.478631 -18.958182 14.280691
-6.653974 -19.271032 11.809594
-4.778744 -16.078756 12.611925
-6.117703 -14.632020 15.844359
-6.937598 -15.162104 19.472081
-10.505271 -14.570777 20.490125
-11.557343 -13.039527 23.830084
-15.132826 -14.045561 24.470851
-17.217857 -11.981408 26.953191
-20.795318 -13.060675 27.770950
-23.114845 -10.084372 27.733750
-26.372821 -12.060899 28.349308
-27.472983 -15.599237 29.094736
-25.645584 -18.879997 29.342615
-24.062405 -21.350949 27.054661
-22.132366 -24.604373 27.143242
-18.746414 -24.134212 25.531387
-16.046880 -26.708091 24.660823
-12.543952 -25.767683 23.551674
-9.998210 -28.290666 22.108688
-6.234902 -27.681575 22.018988
-3.416119 -28.855812 19.618248
-3.163672 -32.235886 21.414882
-6.799358 -32.964115 20.733087
-7.672267 -32.544585 24.407936
-10.697801 -30.853713 25.682474
-9.175880 -28.062515 27.733472
-12.474928 -26.348523 28.615326
-15.881467 -27.860469 29.027709
-18.271009 -25.809640 31.011568
-21.028958 -23.410402 31.307239
-20.260729 -19.747995 30.741444
-22.555647 -17.048738 32.036942
-23.105746 -13.360415 31.863240
-20.113240 -11.336979 32.933773
-17.589356 -14.087563 32.448311
-14.555711 -13.961737 30.177077
-13.028712 -16.825162 28.102979
-9.996912 -16.463979 25.839175
-9.793891 -18.926340 22.935767
-6.258333 -19.283630 21.593588
-5.279812 -19.301547 17.934536
-5.930396 -22.632088 16.260555
-7.989036 -24.044068 19.178657
-11.325226 -25.344236 18.091858
-14.445097 -24.110919 19.913416
-18.148630 -24.988077 19.912595
-20.937943 -22.925652 21.635984
-24.338389 -24.211516 22.485923
-27.001794 -22.010921 23.999302
-28.538734 -23.456263 27.182016
-30.545838 -20.373349 28.051932
-33.398938 -18.788465 26.104622
-30.963109 -16.393117 24.762198
-27.272392 -16.421688 24.703837
-25.446258 -13.175737 23.587288
-21.745788 -12.618631 23.570895
-19.003138 -10.308242 22.121784
-15.619156 -11.622550 20.928695
-12.597344 -9.385589 20.527367
-10.048913 -10.834683 18.080788
-6.329638 -9.899404 17.867954
-6.291177 -9.393608 14.071391
-7.977265 -6.770262 11.932616
-9.237366 -9.481294 9.643513
-9.576436 -12.568271 11.753327
-10.293057 -15.716601 9.732934
-12.616570 -18.445492 11.012421
-12.405880 -22.049091 9.754351
-15.365553 -24.341198 10.411795
-15.189809 -28.082407 10.763927
-18.674647 -28.793505 9.568673
-21.033970 -27.209606 7.072264
-21.057676 -26.202802 3.397651
-18.060513 -23.852955 3.746670
-16.096785 -26.100408 6.081363
-12.703195 -27.801210 5.895983
-14.202676 -31.297417 5.583025
-16.416678 -30.075878 2.747055
-13.304915 -29.084235 0.825062
-11.473248 -32.416859 1.322729
-11.705722 -35.301877 -1.155014
-13.870527 -38.238558 -0.107579
-10.824343 -40.500713 -0.216325
-8.965637 -38.393932 2.268183
-11.908199 -38.403114 4.735903
-12.603964 -42.175358 4.295520
-8.978592 -43.197574 4.818169
-8.385329 -40.744888 7.565732
-11.235694 -41.911295 9.718553
-11.505886 -45.504058 8.430020
-15.099386 -45.133021 7.432193
-16.917658 -46.133666 4.260016
-17.213485 -43.872372 1.324995
-20.923852 -43.557088 1.979012
-20.325764 -42.526885 5.543603
-17.692031 -40.146732 4.440872
-20.213486 -38.619329 2.013585
-22.655208 -38.036969 4.870719
-19.995933 -36.405301 7.003547
-19.061823 -34.212601 4.084955
-22.527564 -33.182583 2.654946
-25.205551 -33.587299 5.421066
-24.778888 -30.291362 7.082612
-25.819622 -27.530082 4.671519
-25.473159 -24.653355 7.207085
-22.461804 -22.407397 7.223004
-22.180385 -21.301174 10.919661
-25.425094 -21.943808 12.997306
-27.212243 -25.219004 13.402824
-29.931007 -26.720781 15.535012
-28.881905 -28.695720 18.578753
-31.967906 -30.326200 20.246150
-31.612957 -32.503729 23.573891
-30.056279 -32.496536 27.081209
-26.327071 -31.388360 27.244797
-24.958556 -34.653584 28.842615
-22.750754 -33.197730 31.644891
-19.887994 -35.706009 31.851423
-18.686204 -35.340148 35.650587
-15.155043 -34.197062 36.197186
-12.881250 -37.073491 37.762061
-11.893573 -35.309930 41.083658
-8.144878 -36.063171 41.976641
-8.338512 -37.934771 45.608918
-5.759290 -35.890825 47.674399
-5.275839 -38.782193 50.267521
-3.943111 -36.780323 53.272383
-2.034934 -39.701112 54.906355
-2.216916 -38.789569 58.694824
1.187378 -40.215052 59.694162
1.487875 -40.580461 63.399159
15.141048 -11.330367 32.815098
16.066272 -11.401880 29.233868
19.234996 -13.598155 29.429531
22.181077 -11.548383 28.369398
23.270434 -12.836234 24.862722
20.058990 -14.721318 24.167985
21.248705 -16.055150 20.794544
24.718463 -17.508392 21.856519
26.001153 -17.608582 18.336054
29.712310 -18.098116 19.052020
29.512167 -21.594586 17.820685
27.440936 -23.043267 15.094262
26.896781 -26.756046 14.343416
25.556575 -28.823457 11.549615
22.390483 -30.117955 13.104452
20.625494 -33.460645 12.859635
17.007446 -34.389030 13.709622
16.411341 -34.705624 17.427628
12.998726 -36.458671 17.346818
11.584758 -39.062865 15.043672
7.875961 -39.827863 14.950359
7.122468 -43.107872 13.395735
3.867405 -43.803096 11.518933
2.392244 -46.627341 9.436892
3.639965 -45.445032 6.111123
6.457468 -43.078475 6.907002
7.997260 -40.893864 9.540917
8.323442 -37.301767 10.642938
11.681286 -35.972548 11.829618
11.826756 -32.810845 13.951375
14.953693 -30.727568 14.742343
15.516520 -29.145603 18.146278
14.175414 -25.686482 17.864023
15.940537 -24.889692 21.224359
19.280247 -25.199342 19.614914
20.840037 -21.750334 19.808251
21.142461 -21.166875 16.069328
17.482666 -22.222557 15.399968
16.203066 -20.566193 18.548767
17.797544 -17.339977 17.506734
16.440456 -17.601478 13.998608
12.995175 -18.223407 15.542106
12.193507 -21.157177 13.216120
11.487310 -24.865858 13.551583
12.547191 -27.395708 10.954747
10.681335 -30.595545 10.044444
11.200113 -33.362669 7.471644
8.378026 -35.595823 6.239516
9.288813 -38.905698 4.735238
6.210505 -40.555604 3.157708
6.464671 -44.049117 1.719381
4.831386 -45.121061 -1.503604
0.995408 -45.013035 -1.081967
1.474489 -43.124611 2.081517
-1.039891 -40.374709 3.015670
-0.049359 -37.654848 5.354620
-3.384956 -36.780030 6.884206
-4.889770 -33.224179 6.952329
-3.232934 -31.045361 9.497667
-2.568217 -27.319711 10.059713
-0.213760 -25.107018 12.114663
-0.654076 -21.798605 13.935594
2.484768 -20.653485 12.140064
3.366784 -19.792443 8.537611
5.069306 -22.622294 6.773077
6.221700 -22.728267 5.253203
7.374093 -22.834240 3.733328
8.067031 -26.384008 2.360857
10.428525 -27.843388 -0.224339
10.004918 -31.169242 -1.957453
13.490408 -32.616877 -1.690258
12.737314 -36.005392 -3.282983
9.942609 -37.792766 -5.039346
6.493182 -36.859076 -6.399233
2.933412 -36.876531 -5.087790
-0.380571 -35.046906 -4.515029
-1.138031 -32.260731 -2.215971
-4.337349 -30.556127 -1.118341
-4.982810 -27.298618 0.704032
-8.390748 -26.429686 1.894089
-9.444013 -22.845893 2.440754
-12.859873 -22.593156 3.993984
-15.172625 -20.163358 2.140600
-14.487838 -20.631220 0.418927
-13.803051 -21.099081 -1.302746
-15.902166 -23.179196 -3.649398
-15.224159 -26.831567 -4.513507
-14.226855 -26.302541 -8.176072
-13.074092 -29.923527 -8.779804
-16.265157 -31.863769 -9.532119
-16.919770 -35.402532 -10.870823
-19.079741 -35.915218 -14.069856
-22.638978 -36.921184 -13.481548
-22.710530 -40.753408 -14.208447
-25.374738 -40.651987 -16.942879
-26.673672 -44.245139 -16.825151
-27.268949 -45.051425 -20.648211
-30.891320 -46.126628 -21.183246
-30.753204 -49.763702 -22.969973
-32.141289 -49.374576 -26.415079
-32.735115 -53.042047 -27.799324
-30.587270 -53.449650 -30.829669
-32.643454 -56.272669 -32.842816
-29.719591 -57.904771 -34.508775
-31.076129 -61.301032 -36.448291
-29.817018 -62.441010 -36.925663
-28.557906 -63.580988 -37.403035
-28.323240 -67.543001 -37.148948
-25.532263 -69.402293 -36.282271
-25.587019 -73.053406 -34.959813
-23.418481 -74.590282 -32.767493
-23.997076 -77.725603 -30.693185
-23.896076 -79.910309 -27.968577
-22.974093 -81.020044 -24.805417
-24.746247 -82.916016 -21.912248
-23.620714 -82.723800 -18.633988
-25.914873 -84.151459 -15.852322
-25.378667 -83.302754 -12.531110
-27.716097 -83.853834 -9.626423
-29.840406 -83.162681 -6.821478
-30.721013 -81.478415 -3.873515
-33.911151 -79.951780 -2.436058
-33.603953 -77.318469 -0.166948
-36.790574 -75.212971 0.330055
-35.802420 -71.735445 -1.084567
-38.952089 -70.173067 -1.730380
-40.709378 -67.473261 -0.375431
-39.880357 -64.347431 -2.570095
-41.423347 -61.670957 -0.577856
-41.724888 -58.758604 -3.164750
-39.497969 -56.343841 -1.481752
-40.827754 -53.110240 -3.164451
-37.679111 -51.873835 -4.886873
-38.105022 -48.302278 -3.807964
-36.709167 -46.724951 -6.938857
-34.131249 -44.547987 -5.298089
-34.735724 -41.501133 -7.485451
-31.014197 -41.411316 -8.141442
-30.854822 -37.594645 -8.529037
-28.039082 -36.858504 -10.987146
-25.787730 -37.225518 -7.884344
-22.191208 -36.195969 -8.229698
-19.835710 -38.546533 -6.524665
-17.488565 -35.946703 -5.079683
-16.630442 -32.266430 -5.191958
-13.613857 -30.803822 -3.484640
-11.147427 -27.915398 -3.668727
-8.006875 -27.796550 -5.878001
-5.544353 -30.783512 -5.630077
-1.988990 -30.202951 -6.937896
0.662574 -32.468435 -8.262877
3.913138 -31.974058 -6.509113
7.423091 -33.072044 -7.473777
10.939970 -32.573955 -6.723352
11.941851 -28.862004 -6.421906
8.418176 -27.587959 -5.623181
8.443549 -24.962262 -2.914368
5.042971 -24.698599 -1.182048
3.904116 -21.668158 0.840454
1.121578 -22.252088 3.421163
-0.839745 -19.758440 5.598900
-1.501865 -20.258355 9.296187
-4.497531 -22.393426 10.019086
-4.869183 -23.825836 6.463950
-5.373179 -27.553841 6.428229
-2.963427 -29.444924 4.192312
-2.484701 -33.162178 3.199570
0.095197 -35.080906 1.090158
-0.181987 -38.381156 -0.783546
2.736282 -40.202962 -2.301421
1.494665 -41.704448 -5.500414
5.005737 -42.405812 -6.741161
7.421197 -45.299527 -6.357102
10.002495 -43.411527 -4.370286
9.631524 -41.887445 -0.977580
8.222066 -38.429524 -0.988743
10.549716 -36.311631 1.181917
9.294722 -32.848242 2.111013
11.235119 -30.458682 4.333267
9.517549 -27.469283 6.002908
10.434117 -24.377823 7.960409
7.888656 -23.158177 10.511771
8.210459 -19.496324 11.316794
7.717599 -19.459525 15.065241
8.784584 -15.872084 15.517687
6.347190 -14.541150 12.955869
3.671584 -11.994696 13.940404
1.149607 -14.445725 12.550121
1.900250 -16.908304 15.326236
0.174636 -15.373697 18.305372
1.082324 -18.243656 20.648665
4.475793 -19.141671 21.977809
7.522538 -20.195929 20.004170
6.663609 -23.889057 19.944620
5.678444 -25.703940 16.848363
2.076507 -26.970380 17.292309
0.627428 -29.143902 14.656918
-3.179650 -29.579689 14.822114
-4.342699 -32.934848 13.454127
-7.737421 -33.157057 11.819162
-7.331332 -36.929754 11.503588
-4.991084 -39.555347 12.845865
-2.823213 -39.323569 15.935396
0.637577 -39.194465 17.369544
1.203229 -41.807909 19.965339
4.532033 -40.348979 20.936861
2.939826 -37.048399 21.533979
4.439585 -33.615422 21.028223
7.660914 -34.326318 22.884814
9.494318 -31.226951 21.655158
7.257105 -29.031343 23.811767
9.270891 -28.887359 27.014923
7.425995 -28.516119 30.266385
4.257167 -30.026440 29.051089
2.959837 -33.297034 30.317156
3.713304 -35.890497 27.788589
0.436363 -37.313256 26.380218
-0.407949 -38.867334 23.170578
-1.613933 -36.439071 20.621490
-5.047472 -37.036080 19.057709
-7.019586 -35.345497 16.360232
-9.038924 -32.245050 17.184288
-12.422941 -33.994224 16.860413
-11.436446 -36.229010 19.730107
-11.643273 -33.254991 22.050676
-15.342792 -32.823633 21.523943
-18.126871 -34.981450 22.859963
-19.437714 -37.429152 20.289409
-22.922195 -35.963074 20.711116
-21.721398 -32.600079 19.776196
-20.068382 -33.948382 16.685641
-23.167899 -35.953421 15.751187
-25.245640 -32.806492 15.903800
-22.693520 -30.675662 14.161599
-22.215526 -33.105759 11.245641
-25.854878 -34.443674 11.381606
-24.644368 -37.986983 11.563948
-25.140523 -40.821206 13.961997
-23.228609 -40.954797 17.257535
-21.404296 -44.070545 16.154494
-19.981848 -42.434139 13.164698
-19.122046 -39.484406 15.319725
-17.119008 -41.763017 17.542346
-15.246332 -43.063674 14.585491
-14.284804 -39.530610 13.610923
-12.415883 -39.285941 16.890883
-9.946719 -42.060889 15.762785
-9.694218 -43.422297 19.301130
-8.967185 -46.946568 18.130980
-6.663242 -45.925966 15.341112
-2.924899 -46.393823 16.050085
-1.587311 -45.996058 12.522515
-0.274021 -42.512110 13.242645
-0.549790 -39.421372 11.068423
0.923356 -40.977487 7.883620
-1.209901 -43.940936 6.841969
-1.123054 -46.399080 4.055962
-3.978940 -46.103951 1.600959
-5.586212 -49.386435 0.986761
-6.794459 -49.661005 -2.635864
-7.155011 -47.057808 -5.229952
-6.794628 -43.464715 -4.285313
-9.219285 -41.845565 -6.816056
-9.181662 -38.135636 -6.091967
-10.385405 -35.797761 -8.799721
-7.274581 -34.281294 -10.331361
-6.230050 -33.086905 -13.765411
-3.935101 -35.272629 -15.758149
-0.244110 -34.564814 -15.881177
0.607315 -33.292626 -19.541688
1.348301 -36.945956 -20.542299
-1.711370 -38.593039 -18.867342
-5.516246 -38.429591 -19.876608
-8.210993 -35.520281 -18.573787
-9.853475 -35.957764 -15.359297
-12.848264 -33.332846 -14.794708
-12.524421 -30.439409 -12.188203
-15.134544 -27.262303 -12.038285
-13.831432 -23.561687 -11.194572
-16.162748 -20.627162 -9.783014
-15.488093 -16.489671 -9.534407
-14.368863 -15.096753 -6.001627
-12.224535 -17.861202 -6.785364
-9.946933 -15.801260 -8.980346
-8.366397 -14.040029 -6.046742
-7.161368 -15.696656 -2.909660
-8.976270 -18.968558 -3.865997
-6.918484 -19.539276 -7.033863
-3.763336 -17.982101 -5.765252
-0.526583 -19.678015 -6.627755
1.147948 -21.217057 -3.602420
3.711490 -23.470948 -5.299329
6.858083 -22.728393 -7.398769
9.530749 -25.075426 -8.599363
13.139144 -24.113817 -7.780239
14.894235 -27.142961 -9.140483
14.442821 -26.347561 -12.792241
17.773894 -24.942862 -13.963781
16.015097 -23.228831 -16.884375
14.684411 -20.821593 -14.441483
17.964743 -20.125174 -12.705998
18.859974 -16.519750 -11.790173
22.626468 -17.088699 -11.664683
24.323055 -19.493528 -14.019033
27.827458 -20.187087 -14.843650
28.545856 -23.033449 -17.130520
30.616875 -25.871271 -15.316383
30.289621 -24.239730 -11.960554
26.515813 -24.357553 -11.369703
23.383402 -22.239285 -10.856467
21.416956 -20.428198 -8.144892
17.620255 -19.923094 -8.139140
15.873995 -17.553673 -5.781233
12.156142 -17.479423 -4.740058
10.900057 -14.214727 -3.182881
7.739260 -12.008450 -3.126667
8.345483 -10.802413 -6.708302
8.038658 -14.465822 -7.857755
5.322264 -15.634659 -5.589142
3.023020 -12.970691 -3.993006
1.926239 -15.086311 -0.968385
5.517477 -14.806101 0.356832
4.858678 -11.160189 1.077969
2.345120 -12.196085 3.632521
4.439700 -15.115137 5.051333
7.600203 -12.933779 5.141268
9.695270 -15.860606 4.016562
11.775447 -16.630267 0.925069
13.947052 -19.456312 -0.408325
17.146614 -20.018124 -2.380673
18.115529 -23.212448 -4.299055
21.837731 -23.855067 -5.109985
23.517859 -26.411723 -7.273401
27.295929 -26.203023 -7.752141
29.805731 -28.600798 -9.142203
33.123592 -29.727022 -7.925136
35.641707 -26.839116 -7.356310
32.971439 -24.312176 -7.460887
32.556841 -21.804977 -4.678912
29.890159 -19.344467 -3.732059
31.634719 -16.048993 -2.978568
31.742546 -14.947601 0.679877
28.503926 -13.140548 1.385443
26.170360 -12.172890 4.266462
22.325611 -11.645223 4.442647
21.462528 -8.056668 5.296860
17.958788 -8.566143 6.616335
17.346776 -12.274908 7.168423
18.495412 -15.473261 8.724880
19.175312 -18.347197 6.362727
18.402209 -21.982062 7.190869
20.529043 -24.123658 4.930147
19.505063 -27.765484 4.309708
21.747568 -30.025158 2.189995
19.649180 -32.009372 -0.254518
22.608924 -33.687704 -2.074730
26.385673 -33.930413 -1.798640
28.928324 -32.295283 0.439210
30.540616 -28.946968 0.833696
33.001633 -27.134500 3.039361
31.313509 -24.192757 4.707348
32.805259 -21.402111 6.824107
30.696878 -18.911858 8.750197
32.156400 -15.766524 10.408588
30.369680 -13.880991 13.222430
30.355370 -10.158536 14.294540
33.642506 -10.584259 16.189908
35.400203 -11.741805 13.035486
35.622447 -15.293167 14.428226
35.140601 -18.329276 12.415647
32.269947 -19.912651 14.314682
31.770890 -22.814787 11.872581
34.309397 -24.542281 9.727300
33.329776 -27.910705 8.591744
31.953948 -30.248425 6.117218
28.206129 -30.347555 5.659106
26.515025 -33.325261 4.072173
23.183324 -34.466079 2.802256
20.450045 -34.300569 5.389073
22.209041 -31.839606 7.645517
20.892287 -28.438439 8.711755
22.885540 -25.191931 9.261876
21.352149 -21.870922 10.265266
23.318112 -18.781980 9.209779
22.394217 -15.749759 11.313763
21.703691 -12.306556 9.951610
24.881144 -10.407004 9.129582
27.180356 -13.449384 9.445957
29.368187 -13.975970 6.434016
29.352290 -17.420290 4.810930
31.345994 -19.138097 2.065636
30.475398 -22.552129 0.466949
32.844491 -24.664826 -1.468461
31.749642 -27.860740 -3.150005
33.893807 -30.828161 -2.194171
31.753093 -33.419804 -3.883712
30.943477 -33.793283 -7.562612
27.765129 -32.066576 -6.916409
26.634595 -30.037598 -4.050136
22.895129 -29.054022 -3.868709
21.182776 -27.242470 -1.066012
17.981672 -25.252030 -0.202654
18.027001 -22.150121 2.038109
14.918939 -20.837168 3.741467
15.230823 -17.145117 4.623137
13.163874 -15.288025 7.255608
12.276082 -12.310564 4.999742
10.085483 -12.165694 1.922105
12.778451 -10.276818 0.117154
16.060616 -11.337790 1.653404
19.025936 -9.248454 0.508009
22.471703 -10.796415 -0.031318
25.674821 -8.693420 0.108351
28.841904 -10.189172 -1.415124
32.372299 -9.384904 -0.302477
33.984933 -10.054169 -3.651947
32.962246 -9.700523 -7.291522
31.617876 -7.002312 -9.617433
28.508526 -6.357655 -7.515020
30.287701 -6.606447 -4.150293
30.783150 -4.208534 -1.236370
34.496331 -3.811248 -1.920175
33.752040 -3.010810 -5.573838
31.668690 -0.070908 -4.432258
34.294399 1.350485 -2.038001
36.788139 4.033312 -3.114658
40.384875 2.773163 -3.630995
41.529787 5.085395 -0.823367
39.207977 3.480799 1.691827
40.423859 -0.076472 0.755072
44.156464 0.931992 0.663657
44.013376 2.688757 4.070200
41.805314 0.120044 5.667615
44.029817 -2.833569 4.854713
47.374832 -0.931822 4.618589
48.054009 -2.156239 1.061059
49.257483 -0.217872 -2.011304
46.908780 1.404837 -4.360681
47.814736 -1.202931 -7.001705
47.056734 -4.030720 -4.610171
43.875578 -2.379271 -3.618308
42.914106 -2.209519 -7.354294
43.438008 -5.948704 -7.718852
41.280690 -6.674582 -4.667377
38.658020 -4.383500 -6.043677
38.597292 -5.368735 -9.841599
40.086964 -8.885909 -10.282721
37.016360 -10.877269 -9.635610
34.512711 -10.189665 -12.368825
31.985761 -12.820423 -11.191523
28.895812 -11.849376 -9.248983
28.172297 -14.955358 -7.085706
30.041290 -18.157568 -8.305254
33.706684 -18.567694 -8.841523
36.194569 -21.338116 -9.449521
38.088788 -22.716385 -6.452054
40.730558 -25.298479 -7.577956
43.056730 -27.211147 -4.914728
42.931875 -29.250225 -1.697696
40.775313 -27.665200 1.072746
43.540011 -27.348265 3.743865
41.730348 -28.823010 6.775287
43.237464 -26.797262 9.650273
42.960822 -29.327984 12.763816
41.059560 -28.074285 15.800014
43.437878 -27.495652 19.012046
42.137285 -30.288347 21.546451
41.498581 -28.673786 25.065087
43.428816 -31.173192 27.584891
40.756516 -32.233626 30.258607
43.365251 -32.787840 33.106888
41.184820 -34.797762 35.673279
43.194434 -33.837547 38.840691
42.208801 -36.800516 41.198729
42.629444 -34.833165 44.493813
43.406788 -37.320770 47.243815
-13.433070 11.054511 -33.655253
-10.123750 10.538023 -32.012642
-7.879551 12.038230 -34.777664
-5.671431 9.336454 -36.114114
-2.074476 10.015307 -34.805147
-3.141121 12.427004 -32.080361
0.428789 13.166402 -30.989450
2.038654 14.017661 -34.440734
5.552296 13.535725 -33.163930
7.369417 13.317778 -36.499055
8.891122 16.650454 -35.908777
9.992735 18.222961 -32.723773
10.985021 21.883697 -32.166499
12.706234 23.901709 -29.564792
9.850278 25.959103 -28.244932
9.629244 29.564464 -27.052510
6.973874 31.267906 -24.940364
3.824298 32.070522 -26.878735
2.133145 34.449465 -24.384305
3.549206 37.021521 -22.082839
1.494272 38.523093 -19.270242
2.874609 41.710782 -17.994611
2.453059 42.856862 -14.374590
3.696348 45.722891 -12.185731
6.763276 43.998226 -10.905091
7.403914 41.190928 -13.343291
5.928930 39.034158 -15.995720
4.545247 35.521168 -16.614660
5.436959 33.684487 -19.807035
3.270679 30.788329 -20.979529
4.165069 28.190240 -23.677267
1.597081 26.888233 -26.145260
0.289191 23.739844 -24.627638
-1.356683 22.937473 -28.039729
1.977711 22.407663 -29.589569
2.091505 18.741287 -30.574678
5.002036 17.759464 -28.363292
3.495477 19.443820 -25.244756
-0.019924 18.383964 -26.118581
1.107738 14.820942 -26.364783
3.007887 15.025305 -23.110658
-0.172451 16.462554 -21.525066
1.711920 19.237175 -19.707625
1.751524 23.053567 -19.720036
4.890744 25.046396 -19.114515
5.089738 28.463270 -17.414363
7.938694 30.809487 -16.421120
7.583969 33.455383 -13.679558
9.966627 36.361981 -13.730015
9.614235 38.388393 -10.530533
11.577181 41.623488 -10.142768
13.249124 42.725591 -6.931829
10.548602 43.419711 -4.263662
8.057338 41.781072 -6.463184
5.250210 39.683108 -4.879367
3.520243 37.059678 -6.882231
0.126667 36.995919 -5.232644
-1.534424 33.835971 -3.779398
-2.894742 31.627611 -6.473431
-3.668813 27.892229 -6.997454
-4.265831 25.473468 -9.891543
-6.606905 22.527817 -10.406528
-3.537506 20.595723 -11.547735
-0.417851 19.235402 -9.846941
2.530655 21.492625 -10.275144
4.426349 21.215712 -10.197478
6.322044 20.938799 -10.119811
8.501683 24.152911 -10.110523
12.223889 24.847269 -10.413455
13.940018 28.019227 -9.282650
16.169792 28.764745 -12.255235
17.586692 32.044874 -10.995194
17.600115 34.179463 -7.904318
16.341268 33.838233 -4.307760
13.161257 34.666606 -2.400615
10.329104 33.620033 -0.062740
7.546842 31.264567 -0.693516
4.419116 30.335721 1.238254
1.965292 27.471991 0.853762
-1.214278 27.423482 2.783181
-2.983047 24.171390 3.584207
-6.316711 24.792765 5.219101
-6.820994 22.712838 8.394320
-4.999755 22.861900 8.928256
-3.178515 23.010961 9.462192
-2.263200 25.255718 12.374383
-0.437614 28.605050 12.017655
2.853924 27.534733 13.653899
4.760056 30.795559 12.800118
3.733385 33.259031 15.531937
5.094396 36.766325 16.531574
6.308515 37.384660 20.180780
3.874974 39.197989 22.412509
5.168484 42.914003 22.494975
5.582502 43.260833 26.240649
5.415343 47.083423 26.563871
8.145437 47.854257 29.275748
6.594079 49.890531 32.125579
8.765096 53.335281 32.421780
10.607316 53.267940 35.698791
11.808649 57.041090 36.330480
15.540403 57.023717 36.373713
16.273879 60.164518 38.742164
19.307488 61.410136 36.914398
20.616049 64.618795 38.958985
21.838858 65.539224 38.041433
23.061667 66.459654 37.123882
23.468255 70.383006 37.010812
24.586265 72.125665 34.216153
24.167160 75.857376 33.356618
23.768734 77.994342 30.681619
22.160296 81.170661 29.571259
20.062825 83.629151 28.039945
18.776138 84.943037 25.102758
15.946546 87.184249 23.951026
14.077202 87.775930 21.169564
10.775798 89.226459 20.190721
8.705993 88.636431 17.557373
5.315331 89.032757 16.266658
1.627698 89.107787 16.349634
-0.934342 87.462448 14.730625
-4.465540 86.941578 16.098082
-6.109607 84.115032 14.649546
-9.148071 82.867079 16.730323
-8.120727 79.161861 17.662368
-10.668227 78.380355 20.156104
-12.601061 75.520472 21.404415
-10.771076 72.159023 21.729965
-13.288760 69.232662 21.566408
-12.263802 66.992294 24.571643
-12.229164 63.771352 22.576655
-12.511569 61.013451 25.366925
-9.364750 58.783935 24.868722
-11.014331 55.299874 25.219778
-8.122384 53.236555 26.700961
-7.981220 50.268741 24.236997
-7.411151 47.313103 26.688926
-4.433577 46.123181 24.616986
-4.872108 42.254002 25.261026
-1.450714 40.633408 24.933159
-2.260665 40.746305 21.168843
0.023123 38.911024 18.832261
0.660660 40.811613 15.684354
0.488058 37.891991 13.221716
0.356709 34.115323 13.033747
0.593141 32.252180 9.742708
1.640167 28.872945 8.282670
5.229757 27.943122 7.305217
7.147793 30.415570 4.990217
10.219684 28.981643 3.163035
13.319660 30.559307 1.768640
13.860770 29.577104 -1.803890
16.957240 29.823133 -3.989064
18.358467 28.742438 -7.267397
18.046729 24.964137 -7.703724
15.058884 24.506411 -5.385980
12.475965 22.185765 -6.877281
9.024994 22.754592 -5.359569
6.158822 20.237552 -5.501821
2.606790 21.613011 -5.071261
-0.769500 19.773551 -4.751339
-3.893803 20.761600 -6.662546
-5.853069 23.514802 -4.992534
-3.056611 24.617398 -2.601388
-2.615402 28.379619 -2.550834
0.972151 29.493279 -3.142511
2.756100 32.965103 -3.225321
6.346038 34.098889 -4.048946
8.270463 37.228462 -2.921547
11.587769 38.262371 -4.372129
13.556016 39.637064 -1.508689
16.819142 39.525485 -3.478695
18.572587 41.913645 -5.841307
18.272516 39.732113 -8.903289
15.151046 38.620311 -10.637609
13.605414 35.548955 -9.225619
12.937651 33.197235 -12.178473
10.780753 30.172484 -11.488862
9.784709 27.662450 -14.167606
6.850688 25.278042 -13.633940
5.298373 22.247003 -15.294352
1.538494 21.835025 -14.873410
0.374193 18.259255 -15.289490
-2.791850 18.672603 -17.309134
-3.200552 14.991573 -18.065150
-3.027427 13.922202 -14.428863
-5.944390 12.087412 -12.775829
-5.920920 14.863915 -10.201801
-7.094921 17.386301 -12.790081
-10.742835 16.520955 -13.221320
-11.357895 19.378321 -15.697068
-10.111298 19.671914 -19.226226
-6.529222 19.903971 -20.398423
-6.280079 23.686981 -20.032562
-4.142497 25.354562 -17.479861
-6.446408 27.362734 -15.116124
-4.857100 29.529447 -12.528085
-7.251578 30.720998 -9.767818
-6.240687 34.114002 -8.315797
-7.043330 34.811932 -4.683757
-5.794103 38.382767 -5.186485
-4.832569 40.636782 -8.088956
-5.931050 40.261507 -11.681681
-4.911965 39.582394 -15.237287
-6.008852 42.283121 -17.564781
-5.015546 40.249650 -20.597120
-7.122270 37.432061 -19.443592
-6.507478 33.714318 -19.938304
-5.806463 33.962065 -23.656197
-4.381199 30.447357 -23.984282
-7.820906 28.950701 -23.431942
-9.043783 28.723168 -27.008257
-12.742863 29.046475 -27.653177
-13.450305 31.080030 -24.604284
-14.573845 34.618940 -24.751159
-11.620353 36.758132 -23.924624
-12.304931 38.677316 -20.659342
-10.044441 40.071924 -18.117493
-9.316037 37.665526 -15.334203
-10.101131 38.769601 -11.725680
-9.599206 37.272188 -8.343925
-12.108602 34.693612 -7.059595
-13.605385 37.075390 -4.424750
-14.703489 39.377478 -7.244859
-17.218491 36.718120 -8.326917
-19.176290 37.047352 -5.069759
-21.474755 39.846752 -4.037182
-19.786328 42.245474 -1.616131
-22.572919 41.537084 0.935524
-21.782335 37.926319 0.913501
-18.133378 38.592529 1.495820
-18.923552 41.089239 4.277018
-20.965629 38.444752 6.071225
-18.489853 35.691781 5.421491
-15.470356 37.693867 6.703101
-17.549395 39.732198 9.320163
-16.188574 43.033656 7.873800
-17.799772 46.153255 6.421149
-19.131790 46.166165 2.840277
-16.522291 48.765063 1.844389
-13.679706 46.557113 2.835452
-15.423219 43.646867 1.111748
-15.441854 45.708686 -2.042944
-11.721341 46.313952 -1.738886
-11.106431 42.550718 -1.496675
-12.550157 42.254599 -4.988634
-9.586902 44.310186 -6.419577
-11.868510 45.953876 -9.022379
-9.827574 49.131515 -9.178778
-6.480842 47.442968 -9.016550
-4.643121 47.184110 -12.367231
-1.163157 46.219771 -11.121068
-1.639775 42.603677 -12.213399
-0.785967 39.423627 -10.336446
2.854612 40.337179 -9.560334
2.935412 43.583688 -7.555676
5.617311 45.694447 -6.056941
5.704448 45.714082 -2.283523
5.857796 49.187801 -0.982453
7.934171 49.329214 2.228836
9.185285 46.623143 4.386473
7.963302 43.131683 3.859613
8.084747 41.806676 7.497792
6.774824 38.280788 7.365042
7.609385 35.992102 10.240720
10.376456 33.703274 8.970543
13.386672 32.008905 10.462823
16.769491 33.496184 9.771350
18.992431 31.983174 7.082252
22.052273 30.203532 8.817586
24.025305 33.495106 8.604237
21.233876 35.913832 9.690177
19.590495 36.441407 13.156972
16.536087 34.244092 14.064003
12.936484 35.416406 13.802252
10.186197 33.520283 16.136570
7.774448 30.910861 14.572822
5.522932 28.317051 16.798533
4.896645 24.569868 15.598683
1.837558 22.290406 16.740378
1.239789 18.134832 16.428749
-1.086074 16.891594 13.471651
1.369975 19.037592 12.010010
3.984666 16.346224 11.850233
2.372082 14.570125 8.949154
1.009984 16.272887 5.895703
1.303571 19.731539 7.602634
5.112566 19.563176 7.989607
5.770382 17.517652 4.922166
8.748322 18.456431 2.839827
7.771287 19.901966 -0.501258
11.099996 21.429681 -1.600365
14.474244 19.870230 -2.613821
17.508097 21.531331 -4.101026
18.908917 19.963274 -7.292725
21.633630 22.426071 -8.036787
23.967573 21.402585 -5.270855
26.640278 19.268324 -6.934413
27.444984 17.675327 -3.558705
24.283777 15.804662 -3.876139
24.823688 14.649772 -7.422956
23.956043 11.028061 -8.352368
26.276887 10.830618 -11.356665
29.613354 12.604586 -11.371047
32.522504 12.501819 -13.586543
35.294880 14.912929 -12.956280
35.728998 17.433260 -15.972419
32.664887 16.223308 -17.714910
29.913623 17.158594 -15.211406
27.169808 15.780197 -12.958720
23.518268 14.658820 -13.015844
21.077636 14.949723 -10.053407
17.750206 13.197723 -10.007567
14.651493 13.961636 -7.830301
12.019120 11.173463 -7.537433
9.595704 9.655547 -4.966521
12.446293 8.039813 -3.022660
13.878884 11.549117 -2.403179
10.717287 13.465806 -1.898858
7.554972 11.461368 -0.918253
4.986273 14.035222 -2.198407
6.126788 13.169266 -5.759458
4.422823 9.812740 -5.373041
1.153668 11.585256 -5.209154
1.950030 14.142280 -7.973334
3.380913 11.389639 -10.231690
6.113829 13.734380 -11.392920
9.910952 13.748499 -11.090024
12.832502 15.970946 -12.152961
16.418010 15.657020 -13.386173
19.106515 18.401707 -13.220078
22.159261 18.199874 -15.597254
25.350174 20.156713 -15.755489
27.993849 19.150715 -18.288019
31.098400 20.850102 -19.559989
32.425097 21.403792 -22.981429
32.955806 18.125041 -24.997622
30.870311 16.192608 -22.626170
28.005760 14.085972 -23.857562
25.155622 12.318514 -22.197319
24.961719 8.819463 -23.690546
22.019894 8.074919 -26.000215
19.131947 7.038938 -23.801110
15.290004 6.837938 -23.773061
12.693045 7.099905 -20.897198
10.800161 3.853533 -20.436742
7.725846 5.182567 -18.672741
7.684305 8.973372 -18.906349
7.838367 12.032759 -21.090385
10.635765 14.448933 -20.373449
10.261689 18.238850 -20.659264
13.744854 19.683047 -21.046819
14.309441 23.377319 -20.221274
17.754068 24.921083 -20.790064
18.739291 27.035791 -17.822038
22.264733 27.929554 -19.077496
24.434479 27.429233 -22.157262
23.976985 25.540443 -25.365376
23.974105 21.993801 -26.524437
23.451426 19.934733 -29.646970
20.549123 17.564224 -29.146811
19.285841 14.739963 -31.369144
16.021652 12.918924 -30.747610
15.004495 9.714129 -32.614829
11.377418 8.508690 -32.859605
9.804242 4.977925 -33.198558
10.440284 4.933168 -36.940110
14.167394 5.388350 -36.390243
13.971317 8.957758 -37.807491
15.826830 11.811872 -36.418102
12.941778 14.115120 -35.585096
15.088700 16.792433 -33.943313
18.618255 17.770772 -34.685339
19.572253 21.141182 -33.526835
21.072194 23.456461 -31.127857
19.152585 24.287239 -27.969667
19.928041 27.369402 -25.957825
19.071347 29.031696 -22.700159
15.390943 29.662591 -22.250984
14.247791 27.142041 -24.790511
11.959698 24.188328 -24.142355
12.115860 20.670643 -25.719033
9.735154 17.827673 -24.878564
11.115262 14.326770 -25.388898
8.340563 11.753516 -25.744182
8.235125 8.394397 -24.023017
10.431572 5.832438 -25.741480
12.211005 8.374206 -27.981474
15.953374 8.141553 -27.769126
17.894406 11.356925 -27.057521
21.562430 12.359777 -26.976838
22.942731 15.710466 -25.631205
26.293469 17.121574 -26.388943
27.550974 20.310610 -24.818335
28.744227 22.858661 -27.347144
29.227239 25.651171 -24.887543
31.607555 25.827864 -21.941363
28.827459 24.844605 -19.771120
25.539790 23.363774 -20.543923
22.898350 23.174773 -17.687291
19.350865 22.028368 -18.002616
16.335180 20.809445 -15.934611
14.024285 17.983119 -17.096943
10.547315 17.490560 -15.686731
9.313138 13.912265 -16.139208
5.660122 12.764417 -16.058471
6.229494 9.826005 -13.670250
7.201500 9.823401 -10.013784
9.845087 7.265922 -10.736842
10.899098 7.813384 -14.317123
13.183493 5.060043 -15.636423
16.037998 5.820838 -18.079749
17.466896 3.139770 -20.412093
20.874755 3.819348 -21.983578
22.033875 2.439394 -25.317640
25.708014 2.450415 -24.475441
27.772960 1.950348 -21.316890
28.201878 -0.647382 -18.568340
24.540597 -0.423984 -17.471634
23.116949 -0.217531 -21.009535
20.724805 -2.389753 -23.028489
23.456370 -3.584002 -25.388481
25.613074 -4.564895 -22.393929
22.865331 -6.906598 -21.245026
22.378402 -8.589858 -24.650024
24.217670 -11.818978 -25.622805
27.048017 -11.371842 -28.150989
25.130483 -13.578121 -30.605498
22.141216 -11.294359 -30.589163
24.304248 -8.172395 -31.244992
26.470179 -9.920378 -33.950787
23.448141 -11.269681 -35.868037
21.366368 -8.177777 -35.432181
23.973284 -5.836470 -36.906170
25.786232 -8.384514 -39.116395
29.186704 -7.664915 -37.474591
31.886323 -10.096489 -36.260114
31.899079 -11.427382 -32.797198
34.980869 -9.324660 -32.058274
33.261245 -6.184538 -33.267240
30.232462 -7.067362 -31.299621
32.475579 -7.396213 -28.177590
33.803669 -3.867473 -28.695826
30.317162 -2.448869 -29.070844
29.291900 -4.280394 -25.965420
32.342690 -3.671159 -23.593508
34.301362 -0.575200 -24.792304
32.329324 2.047966 -23.038803
32.748361 1.629032 -19.336011
30.797125 4.822995 -18.406453
27.233763 4.679216 -17.187706
25.761928 8.066676 -18.312065
28.498598 10.696973 -19.269177
31.243552 10.295010 -21.777844
33.802952 12.433074 -23.554113
32.936773 13.686648 -27.027829
35.937083 15.554117 -28.580705
35.692843 17.214511 -32.225717
33.577038 19.544429 -34.341755
29.768623 18.766866 -34.326056
29.340250 18.155055 -38.108843
26.201026 20.249811 -38.868625
24.470107 18.234950 -41.614124
22.288823 20.940131 -43.568875
18.589237 20.315712 -43.708944
17.298290 19.294018 -47.309373
14.955340 22.395082 -48.131403
11.525576 21.263853 -49.633168
11.287456 23.343432 -53.103507
7.770718 24.986244 -52.828928
7.343992 25.221316 -56.698001
4.255516 27.632241 -56.875932
2.731339 26.319046 -60.159907
0.695568 29.486962 -61.230261
-1.974915 27.507837 -63.170889
-3.573140 29.756564 -65.793491
9.274436 -15.726372 33.097871
8.747368 -12.277327 31.803887
9.853590 -10.226205 34.874765
6.847937 -8.410752 36.179065
7.330627 -4.648157 35.259887
10.072980 -5.251049 32.736852
10.579051 -1.543205 32.003690
10.970317 -0.199541 35.642825
10.327168 3.356626 34.645472
9.697576 4.850784 38.092970
12.950114 6.664012 37.880133
14.676427 8.172152 34.970251
18.293512 9.495303 34.831792
20.360414 11.606214 32.561100
22.758102 9.027606 31.207189
26.444241 9.201534 30.329024
28.540338 6.880662 28.159390
29.440024 3.645956 29.874804
32.170075 2.378594 27.463889
34.801697 4.206843 25.542224
36.676852 2.547172 22.710881
39.872968 4.304957 21.862122
41.304154 4.298935 18.334889
44.220059 5.960396 16.522364
42.344054 8.988134 15.354037
39.310952 9.183789 17.571483
37.078983 7.299562 19.881128
33.681833 5.588784 20.072983
31.510993 6.033968 23.158480
28.711110 3.544825 23.869964
25.845613 3.983938 26.405813
24.541620 1.110009 28.516150
21.650179 -0.288693 26.609012
20.707827 -2.309293 29.782266
19.789406 0.819377 31.579032
16.053402 0.547937 32.241326
15.007307 3.592194 30.203274
17.063726 2.498991 27.128412
16.236222 -1.153411 27.598013
12.579185 -0.325783 27.624898
12.890226 1.878420 24.571687
14.722748 -1.019114 22.847523
17.471592 1.228711 21.460068
21.242656 1.578883 21.813957
23.023152 4.901860 21.664696
26.545987 5.513689 20.277723
28.726981 8.612356 19.747062
31.596244 8.712336 17.243947
34.274510 11.311304 17.741911
36.621151 11.394218 14.721029
39.679434 13.635658 14.788989
40.893037 15.689262 11.848696
42.052310 13.298197 9.032760
40.445963 10.496390 10.841390
38.696794 7.670396 8.853784
36.088165 5.577370 10.450016
36.457762 2.351468 8.545872
33.571390 0.585395 6.665455
31.283226 -1.166654 9.036095
27.615627 -2.279198 9.147131
25.011848 -3.304397 11.770324
22.228880 -5.916680 11.822763
19.968262 -3.118823 13.046318
18.499774 0.014027 11.496901
20.426549 3.092585 12.379018
20.005120 4.959740 12.431785
19.583692 6.826894 12.484552
22.576300 9.229546 12.917779
22.922952 12.970485 13.595677
26.018594 15.027186 12.915574
26.331055 17.018277 16.112183
29.579412 18.828248 15.265944
31.949347 19.266998 12.381514
32.032696 18.313099 8.685171
33.279344 15.386966 6.606440
32.667954 12.698905 3.967375
30.516559 9.682350 4.135634
30.015742 6.675806 1.876690
27.338968 3.994979 1.798870
27.720537 1.006974 -0.388759
24.709916 -0.923148 -1.618953
25.755032 -4.031892 -3.460406
23.997235 -4.398205 -6.844196
24.027700 -2.527728 -7.203668
24.058164 -0.657252 -7.563140
26.449728 0.688138 -10.190115
29.599679 2.724528 -9.368785
28.408932 6.071340 -10.810492
31.417464 8.121963 -9.521007
34.197215 7.531085 -12.101066
37.632045 9.247779 -12.675796
38.478504 10.822104 -16.136431
40.647960 8.773027 -18.435263
44.226563 10.379961 -18.145475
44.807112 11.166608 -21.831747
48.612359 11.382954 -21.987189
49.257985 14.436959 -24.472294
51.533468 13.395702 -27.372578
54.764651 15.882386 -27.539967
54.394382 18.102704 -30.586277
57.861387 20.065777 -31.091101
57.025149 23.707592 -30.917219
60.177837 25.417120 -32.794899
60.161969 28.638898 -30.901948
63.562453 30.603129 -32.095120
63.805473 32.041521 -31.038549
64.048494 33.479913 -29.981978
67.522223 34.895600 -28.776418
67.802985 36.292524 -25.529496
71.478230 36.723031 -24.129462
71.678714 36.366910 -20.633926
75.185150 36.302544 -19.053899
78.069586 34.983354 -17.159569
79.111290 33.526722 -14.173195
81.861006 31.221833 -12.805375
82.184315 28.812445 -10.346020
84.580259 25.823930 -9.868087
84.307740 23.000053 -7.829666
85.754280 19.517459 -7.400298
86.333151 15.867037 -7.249092
85.946690 12.249670 -6.838092
86.088400 8.596870 -8.212401
84.375127 5.457707 -7.743191
83.674576 2.307691 -10.104169
80.445985 0.649346 -9.502857
79.298460 -2.439716 -11.613082
77.154148 -3.859610 -14.545557
73.513668 -2.586890 -14.752779
71.933220 -5.384310 -16.836244
69.481500 -4.243493 -19.695808
66.051387 -4.882303 -18.150948
63.712673 -5.038589 -21.297562
61.081627 -2.277565 -20.733456
57.919727 -4.276301 -21.661413
55.628605 -1.479375 -22.988980
52.575353 -1.928437 -20.730369
49.726597 -1.332377 -23.285411
48.175938 1.250327 -20.961316
44.417313 0.544910 -21.811275
42.459836 3.787006 -21.250685
42.547873 2.701390 -17.566848
40.357847 4.585988 -15.194915
41.926041 5.092272 -11.846680
38.839301 4.463305 -9.674080
35.063653 4.007523 -9.825328
32.954295 3.811521 -6.697821
29.385283 4.457092 -5.464339
28.088379 7.871982 -4.276381
30.169877 9.759560 -1.590062
28.354114 12.539227 0.340667
29.524171 15.611702 2.139172
28.220159 15.759582 5.635062
28.034310 18.652264 8.068620
26.533894 19.772707 11.222538
22.769912 19.051164 11.438649
22.749991 16.203695 8.845615
20.565280 13.323112 9.897480
21.563005 10.060056 8.146453
19.270766 7.022054 7.825620
20.965775 3.626688 7.229376
19.468098 0.166794 6.457395
20.569943 -3.021205 8.190796
23.585125 -4.600679 6.605721
24.651249 -1.515634 4.562819
28.336382 -0.790194 4.864344
29.101932 2.811204 5.840802
32.403374 4.847189 6.394407
33.155725 8.426940 7.608953
36.187249 10.667003 6.953259
36.798577 13.919170 8.758483
38.266900 16.232180 6.209112
37.716096 19.290137 8.419104
39.709133 20.994124 11.111876
37.343681 20.242394 13.953262
36.371695 16.906692 15.286950
33.550583 15.262607 13.497163
31.034282 14.146796 16.157969
28.268794 11.814528 15.028109
25.635926 10.405096 17.386561
23.542019 7.336341 16.398822
20.545558 5.419946 17.656677
20.461734 1.692610 16.872318
16.996259 0.236015 16.897666
17.499695 -3.059969 18.658068
13.837127 -3.823127 19.039504
13.039545 -3.393289 15.380148
11.608100 -6.278341 13.315876
14.540391 -5.817677 11.003615
16.927428 -7.015044 13.697625
16.346865 -10.744229 13.736666
19.037279 -11.362598 16.397311
18.949925 -10.429330 20.028567
18.780361 -6.953267 21.510917
22.548135 -6.372900 21.500108
24.238852 -3.896115 19.299768
26.627327 -5.816965 16.947197
28.846751 -3.834903 14.693306
30.473285 -5.867477 11.854485
33.855717 -4.458906 10.810981
34.913484 -4.871329 7.180579
38.331904 -3.398833 8.128138
40.253385 -2.515735 11.284704
39.696450 -3.968025 14.709842
38.598800 -3.341912 18.276618
41.196123 -4.438034 20.719794
38.865933 -3.873721 23.627843
36.324799 -6.092172 22.064671
32.556060 -5.819552 22.266815
32.421952 -5.438519 26.056012
28.772708 -4.319732 26.187244
27.636330 -7.814618 25.206373
27.245609 -9.366709 28.662044
27.822137 -13.074310 28.989846
30.118714 -13.350376 26.085484
33.762961 -14.166453 26.452671
35.683188 -10.993269 26.078707
37.913601 -11.222285 22.934695
39.302052 -8.632959 20.742910
37.089869 -7.868721 17.821295
38.551703 -8.239942 14.289665
37.273745 -7.555256 10.839889
35.081261 -10.127732 9.133460
37.768736 -11.183099 6.595141
39.874813 -12.352908 9.499927
37.413201 -15.156712 10.137957
38.128821 -16.770311 6.775360
41.202803 -18.743795 5.803074
43.626468 -16.641025 3.787506
43.400133 -19.229112 0.937357
39.747317 -18.727587 0.707603
40.131108 -15.012544 0.496204
42.917138 -15.368032 -2.102654
40.628691 -17.425689 -4.288660
37.620104 -15.236495 -3.696918
39.463363 -11.980698 -4.525723
41.889860 -13.662600 -7.132742
44.931998 -12.179978 -5.281190
48.048336 -13.671748 -3.682206
47.873030 -15.297155 -0.257970
50.146461 -12.591267 1.194894
47.800743 -9.855516 0.255221
44.905603 -11.974172 1.534665
46.694406 -12.117536 4.856530
46.994827 -8.343754 4.915234
43.219799 -8.002602 4.398589
42.776033 -9.775481 7.706900
44.464179 -6.810655 9.569872
46.075150 -9.186386 12.087835
49.062141 -6.905838 12.697436
47.070030 -3.720570 12.687637
46.363228 -2.239719 16.107733
45.215349 1.195405 15.022955
41.570638 0.438406 15.837418
38.534175 1.190741 13.735196
39.169268 4.944874 13.372586
42.546385 5.444281 11.666456
44.535294 8.406957 10.600186
44.891306 8.846029 6.873404
48.412955 9.407466 5.891758
48.652184 11.757635 2.904445
46.043551 12.989638 0.624050
42.644962 11.460900 0.724690
41.627989 11.802936 -3.009472
38.211013 10.203260 -3.303333
36.104771 11.115906 -6.277082
33.506982 13.582242 -4.977240
31.695303 16.570466 -6.369044
32.833925 19.978616 -5.252361
30.969410 21.847213 -2.594849
29.141825 24.935911 -4.285579
32.245447 27.165710 -3.659862
34.978587 24.689549 -4.826871
35.857387 23.314311 -8.457653
33.948618 20.027693 -10.468511
35.227937 16.766318 -9.638838
33.829212 13.929632 -12.132525
31.208278 11.336213 -10.922600
29.134164 8.945342 -13.495913
25.351791 8.012615 -12.793886
23.517040 4.778325 -14.270659
19.424228 3.848210 -14.484065
18.108865 1.241040 -11.862230
19.921733 3.696939 -10.039396
17.013386 6.084746 -9.929166
15.154311 4.107659 -7.326077
16.741400 2.632572 -4.249816
20.290713 3.353789 -5.617735
19.835941 7.175588 -5.706884
17.509430 7.374770 -2.781008
17.989780 10.223929 -0.398828
19.236365 9.068684 2.968043
20.383540 12.383142 4.473342
18.459951 15.527544 5.621160
19.700226 18.523459 7.507384
17.753063 19.496658 10.628284
19.913172 22.330449 11.833710
18.909252 24.828399 9.196280
16.410845 27.141242 10.870432
15.058209 28.138098 7.444095
13.452955 24.831446 7.325690
11.978320 24.928187 10.787201
8.387595 23.690897 11.301756
7.741315 25.733921 14.471928
9.217913 29.166884 14.916149
8.668852 31.860230 17.341124
10.887649 34.841418 17.152519
13.131890 35.222472 20.395972
12.028873 31.908292 21.766576
13.389618 29.456454 19.152417
12.444507 26.831700 16.569743
11.654237 23.125196 16.213558
12.384307 20.997161 13.114480
10.941905 17.547925 12.636072
12.140241 14.723453 10.290545
9.619514 11.940475 9.523179
8.535889 9.634260 6.641132
6.842175 12.539170 4.794866
10.249268 14.295992 4.629823
12.464508 11.344849 4.039102
10.848778 8.133690 2.614255
13.497722 5.676347 3.910907
12.246457 6.411343 7.460519
9.091460 4.478784 6.618126
11.139662 1.384870 6.338399
13.373990 2.134662 9.384932
10.341114 3.143671 11.491440
12.334696 5.932312 13.091100
12.054461 9.723667 13.104232
13.915579 12.700722 14.601232
13.212831 16.124462 16.103290
15.703282 19.033790 16.404026
15.055599 21.808450 19.005386
16.700822 25.135710 19.577028
15.277785 27.449880 22.237523
16.603997 30.524620 23.882523
16.752430 31.578356 27.450851
13.317303 31.670827 29.226733
11.751098 29.677066 26.532918
9.823817 26.544895 27.315920
8.432220 23.699308 25.274943
4.864008 23.122205 26.431550
4.167406 19.931738 28.423107
3.546205 17.162862 25.905795
3.680883 13.367383 25.511589
4.391759 11.059767 22.485752
1.391620 8.970405 21.593024
3.111000 6.191714 19.678271
6.844058 6.423782 20.251160
9.686068 6.634339 22.701177
11.925407 9.638726 22.441990
15.688690 9.563392 23.028154
16.801757 13.086695 23.838747
20.487407 14.020062 23.392013
21.695494 17.513099 24.369091
23.942954 18.924970 21.714574
24.407486 22.392371 23.307702
23.496037 24.230332 26.489084
21.399629 23.304991 29.474914
17.773690 22.923851 30.330018
15.546192 21.960601 33.206198
13.450196 18.931688 32.237038
10.569696 17.271305 34.104028
9.082837 13.920154 33.048688
5.831759 12.490210 34.540928
4.884786 8.789077 34.360508
1.525594 6.913567 34.243739
1.075375 7.216929 38.022356
1.288129 10.989077 37.829238
4.721113 10.942793 39.517077
7.527871 13.106794 38.598157
10.102458 10.524560 37.681680
12.791568 13.006219 36.449110
13.375854 16.521125 37.604164
16.753497 17.853124 36.819467
19.117707 19.764221 34.782076
20.334647 18.191823 31.556146
23.511809 19.394155 29.913921
25.483419 18.968227 26.754625
26.455087 15.391060 26.048848
23.846381 13.834232 28.233200
21.171245 11.370883 27.154370
17.541826 11.108641 28.421170
14.982330 8.595777 27.128911
11.339904 9.641290 27.467919
8.984584 6.650354 27.337181
5.799768 6.446551 25.325956
2.926370 8.279367 26.984353
5.103765 10.046174 29.579021
4.608270 13.765531 29.682085
7.670113 16.013007 29.408076
8.382095 19.739292 29.738288
11.708092 21.484532 28.803315
12.760970 24.864456 29.967332
15.948581 26.495735 28.775556
18.172121 27.668626 31.612694
21.099638 28.580652 29.446001
21.301710 31.248392 26.732722
20.753925 28.584522 24.279225
19.523246 25.123401 24.642050
19.770236 22.739917 21.565513
18.906279 19.110693 21.477302
18.106487 16.193303 19.071249
15.426382 13.580218 19.793400
15.327501 10.220473 18.065691
11.851206 8.689336 18.091596
11.010476 4.980256 17.588442
8.253509 5.518944 14.992901
8.475681 6.831332 11.455329
5.646436 9.183649 12.176365
5.782506 9.946458 15.861120
2.748929 11.864986 17.144588
3.058025 14.537111 19.861727
0.098128 15.527582 22.051925
0.351664 18.813175 23.976581
-1.391055 19.568478 27.227580
-1.623327 23.284257 26.736711
-2.038404 25.583548 23.778607
-4.418070 26.079959 20.831047
-3.833279 22.567465 19.441678
-3.776767 20.844212 22.812344
-5.880250 18.112568 24.406789
-7.486002 20.518711 26.911157
-8.415122 22.859334 24.052657
-10.389709 20.038286 22.470429
-12.314800 19.084300 25.634404
-15.741856 20.570577 26.479410
-15.747277 23.181798 29.250569
-17.995110 20.918799 31.340787
-15.483188 18.122059 31.280500
-12.621608 20.417950 32.414073
-14.741795 22.174680 35.107169
-15.984639 18.912689 36.617034
-12.730934 17.128801 36.299054
-10.728221 19.723318 38.190160
-13.564915 21.155029 40.312408
-13.006039 24.684555 39.037114
-15.499073 27.283895 37.835134
-16.562456 27.547815 34.294583
-14.693291 30.831466 34.003345
-11.527869 29.287925 35.327643
-11.980300 26.396260 33.050509
-12.258722 28.875072 30.109567
-8.938396 30.445411 31.039414
-7.238900 27.062060 31.254640
-8.706853 26.185429 27.920547
-8.171542 29.480064 25.863920
-5.387898 31.567720 27.500427
-2.477567 29.952304 25.838876
-2.602600 30.683531 22.145265
0.800454 29.088042 21.318992
1.062651 25.658144 19.828524
4.458077 24.353195 21.111128
6.776174 27.173732 22.514608
5.942629 29.659392 25.207905
7.702103 32.168990 27.377445
8.724179 31.079445 30.836326
10.163786 34.095614 32.771650
11.488438 33.735053 36.543622
13.751843 31.661742 38.756403
13.259801 27.876801 38.346119
12.333931 27.079265 41.962678
14.637730 24.046350 42.570344
12.533022 22.004410 45.017409
15.327152 20.076418 47.116548
15.021625 16.289986 47.107752
13.672791 14.969964 50.599056
16.946720 13.058914 51.976850
15.967973 9.478001 53.045186
18.105886 9.158238 56.424163
19.910880 5.757285 56.024270
20.495569 4.979438 59.796854
23.459663 2.535849 59.392227
22.952893 0.498832 62.653353
26.539872 -0.854878 63.343175
25.645606 -4.295898 64.781240
28.522045 -5.789191 66.579396
